ligand_1 -8.8 -8.5 -8.3 -8.3 -8.2 -7.9 -7.7 -7.4 -7.3 -7.2 -7.2 -7.1 -7.1 -7.0 -6.9 -6.9 -6.8 -6.8 -6.8 -6.5
ligand_10 -7.8 -7.6 -7.6 -7.5 -7.4 -7.4 -7.3 -7.2 -7.1 -7.0 -7.0 -6.9 -6.9 -6.9 -6.9 -6.8 -6.7 -6.5 -6.4 -6.3
ligand_100 -8.2 -8.1 -8.0 -7.9 -7.8 -7.8 -7.4 -7.2 -7.2 -7.1 -7.1 -7.0 -6.9 -6.8 -6.8 -6.7 -6.6 -6.4 -6.3 -6.3
ligand_1004 -7.9 -7.9 -7.7 -7.7 -7.6 -7.5 -7.0 -7.0 -7.0 -6.9 -6.8 -6.8 -6.7 -6.7 -6.7 -6.6 -6.2 -6.2 -6.1 -5.8
ligand_1005 -7.7 -7.6 -7.5 -7.5 -7.4 -7.4 -7.2 -7.1 -7.1 -7.0 -6.9 -6.9 -6.7 -6.7 -6.4 -6.1 -6.0 -5.9 -5.9 -5.8
ligand_1006 -7.7 -7.6 -7.6 -7.5 -7.5 -7.2 -7.2 -7.1 -7.1 -6.9 -6.8 -6.6 -6.3 -6.2 -6.2 -6.2 -5.5 -5.5 -5.3 -5.3
ligand_1007 -7.6 -7.5 -7.4 -7.2 -7.2 -6.9 -6.9 -6.8 -6.6 -6.6 -6.6 -6.5 -6.2 -6.2 -6.1 -6.1 -6.1 -6.0 -5.9 -5.6
ligand_1008 -7.6 -7.5 -7.4 -7.2 -7.1 -6.9 -6.9 -6.8 -6.8 -6.1 -6.0 -6.0 -5.8 -5.7 -5.7 -5.6 -5.5 -5.4 -5.4 -5.3
ligand_1009 -8.0 -7.1 -6.5 -5.7 -5.5 -5.5 -5.5 -5.4 -5.4 -5.3 -5.3 -5.1 -5.1 -5.1
ligand_101 -8.0 -7.4 -7.2 -7.0 -6.8 -6.8 -6.7 -6.7 -6.7 -6.6 -6.6 -6.5 -6.4 -6.4 -6.4 -6.3 -6.3 -6.2 -6.1 -6.0
ligand_1010 -8.6 -8.4 -7.0 -6.9 -6.7 -6.6 -6.5 -6.2 -6.1 -6.1 -6.1 -6.1 -6.0 -6.0 -5.9 -5.9 -5.8 -5.7 -5.7 -5.7
ligand_1011 -7.5 -7.3 -7.2 -7.1 -7.1 -7.0 -7.0 -7.0 -7.0 -6.9 -6.9 -6.7 -6.6 -6.4 -6.2 -6.1 -6.1 -6.0 -5.8 -5.8
ligand_1012 -7.7 -7.6 -7.4 -7.4 -7.3 -7.2 -7.1 -7.0 -6.9 -6.9 -6.9 -6.9 -6.9 -6.8 -6.8 -6.7 -6.6 -6.6 -6.5 -6.5
ligand_1013 -7.7 -7.7 -7.6 -7.4 -7.3 -7.2 -7.2 -7.0 -7.0 -6.8 -6.7 -6.7 -6.7 -6.6 -6.6 -6.6 -6.6 -6.6 -6.5 -6.5
ligand_1014 -7.7 -7.3 -7.1 -7.1 -7.1 -7.0 -6.9 -6.9 -6.8 -6.8 -6.8 -6.6 -6.6 -6.5 -6.5 -6.4 -6.3 -6.2 -6.2 -6.1
ligand_1015 -7.7 -7.5 -7.2 -7.1 -7.0 -6.9 -6.7 -6.7 -6.7 -6.7 -6.6 -6.5 -6.5 -6.5 -6.4 -6.4 -6.3 -6.3 -6.2 -6.2
ligand_1066 -8.2 -8.2 -7.7 -7.6 -7.3 -7.3 -7.3 -7.2 -7.2 -7.0 -6.9 -6.8 -6.7 -6.4 -6.3 -6.3 -6.3 -6.2 -6.2 -6.1
ligand_1067 -7.5 -7.5 -7.4 -7.2 -7.2 -7.1 -7.0 -6.9 -6.8 -6.8 -6.7 -6.7 -6.6 -6.4 -6.2 -6.2 -6.2 -6.1 -5.9 -5.9
ligand_1068 -7.6 -7.1 -7.0 -6.9 -6.8 -6.8 -6.7 -6.7 -6.6 -6.5 -6.3 -6.3 -6.3 -6.2 -6.0 -5.8 -5.3 -5.2 -5.0 -5.0
ligand_1069 -7.8 -7.6 -7.4 -7.2 -7.1 -6.9 -6.9 -6.8 -6.7 -6.6 -6.5 -6.4 -6.3 -6.1 -6.1 -6.0 -6.0 -6.0 -6.0 -5.8
ligand_107 -7.7 -7.6 -7.4 -7.3 -7.3 -7.3 -7.3 -7.3 -7.2 -7.2 -7.2 -7.0 -7.0 -6.9 -6.9 -6.8 -6.8 -6.5 -6.5 -6.4
ligand_1070 -7.2 -7.1 -6.9 -6.8 -6.6 -6.4 -6.1 -5.9 -5.9 -5.9 -5.9 -5.8 -5.7 -5.6 -5.6 -5.6 -5.6 -5.3 -5.2 -5.1
ligand_1071 -7.7 -7.4 -7.2 -7.1 -7.1 -7.0 -7.0 -6.8 -6.8 -6.6 -6.5 -6.4 -6.1 -6.1 -5.9 -5.8 -5.8 -5.8 -5.8 -5.7
ligand_1072 -7.5 -7.2 -7.1 -7.0 -6.6 -6.6 -6.6 -6.5 -6.5 -6.5 -6.4 -6.4 -6.3 -6.3 -6.2 -6.1 -5.8 -5.8 -5.7 -5.6
ligand_1073 -7.6 -7.3 -7.1 -7.1 -7.0 -6.9 -6.9 -6.6 -6.5 -6.4 -6.4 -6.4 -6.3 -6.2 -6.1 -6.1 -5.9 -5.9 -5.8 -5.5
ligand_1074 -7.9 -7.8 -7.6 -7.6 -7.5 -7.2 -7.1 -7.1 -6.9 -6.8 -6.7 -6.6 -6.6 -6.6 -6.6 -6.5 -6.4 -6.4 -6.4 -6.2
ligand_1075 -8.3 -8.0 -7.9 -7.8 -7.8 -7.7 -7.5 -7.5 -7.4 -7.3 -7.3 -7.1 -6.9 -6.7 -6.7 -6.7 -6.6 -6.5 -6.4 -6.2
ligand_1076 -7.0 -6.9 -6.6 -6.6 -6.5 -6.4 -6.4 -6.3 -5.9 -5.9 -5.8 -5.7 -5.6 -5.5 -5.5 -5.4 -5.4 -5.4 -5.3 -5.3
ligand_1077 -7.7 -7.5 -7.5 -7.1 -6.9 -6.9 -6.8 -6.8 -6.7 -6.7 -6.5 -6.5 -6.4 -6.3 -6.3 -6.2 -6.1 -6.1 -6.1 -5.9
ligand_1078 -7.7 -7.6 -7.5 -7.5 -7.5 -7.3 -7.3 -6.9 -6.8 -6.8 -6.5 -6.5 -6.5 -6.5 -6.4 -6.4 -6.3 -6.3 -6.2 -6.1
ligand_1079 -7.0 -7.0 -7.0 -7.0 -6.8 -6.8 -6.4 -6.0 -5.9 -5.8 -5.7 -5.6 -5.5 -5.4 -5.4 -5.2 -5.2 -5.2 -5.2 -5.1
ligand_108 -8.0 -7.8 -7.5 -7.2 -7.1 -7.1 -7.0 -7.0 -6.7 -6.6 -6.4 -6.3 -6.2 -6.1 -6.1 -6.1 -6.1 -6.0 -5.9 -5.9
ligand_1080 -7.4 -7.2 -7.1 -6.7 -6.7 -6.6 -6.6 -6.5 -6.5 -6.4 -6.4 -6.3 -6.2 -6.1 -6.0 -5.9 -5.7 -5.6 -5.6 -5.5
ligand_1081 -7.5 -7.4 -7.2 -7.1 -7.0 -6.9 -6.6 -6.5 -6.4 -6.3 -6.1 -6.0 -6.0 -5.9 -5.8 -5.8 -5.8 -5.8 -5.7 -5.6
ligand_1082 -7.6 -7.5 -7.3 -7.1 -7.1 -7.1 -6.9 -6.8 -6.7 -6.2 -6.2 -6.2 -6.1 -6.0 -5.8 -5.6 -5.5 -5.5 -5.4 -5.3
ligand_1083 -8.3 -8.0 -7.9 -7.9 -7.8 -7.5 -7.3 -7.3 -7.2 -7.1 -7.1 -7.0 -6.8 -6.7 -6.7 -6.6 -6.4 -6.2 -6.2 -6.2
ligand_1084 -8.0 -7.7 -7.3 -7.3 -7.2 -6.9 -6.8 -6.8 -6.8 -6.6 -6.5 -6.5 -6.5 -6.5 -6.4 -6.3 -6.2 -6.2 -6.1 -6.1
ligand_1085 -7.9 -7.9 -7.8 -7.8 -7.8 -7.7 -7.6 -7.2 -7.1 -7.1 -7.0 -7.0 -6.7 -6.7 -6.6 -6.6 -6.6 -6.3 -6.3 -6.2
ligand_1086 -8.5 -8.4 -8.0 -7.4 -7.3 -7.3 -6.8 -6.6 -6.4 -6.4 -6.4 -6.3 -6.3 -6.3 -6.1 -6.0 -6.0 -6.0 -5.7 -5.6
ligand_1087 -8.0 -7.9 -7.7 -7.7 -7.5 -7.5 -7.2 -7.2 -7.2 -7.1 -7.1 -7.1 -7.0 -6.9 -6.7 -6.7 -6.5 -6.5 -6.4 -6.3
ligand_1088 -7.4 -7.3 -7.3 -7.2 -7.2 -6.7 -6.6 -6.6 -6.6 -6.5 -6.4 -6.4 -6.4 -6.4 -6.4 -6.4 -6.2 -6.1 -6.1 -6.1
ligand_1089 -7.6 -7.4 -7.4 -7.2 -7.2 -6.8 -6.7 -6.7 -6.7 -6.7 -6.7 -6.6 -6.5 -6.5 -6.4 -6.4 -6.4 -6.3 -6.3 -6.2
ligand_109 -8.8 -8.4 -8.2 -8.2 -8.2 -8.1 -8.0 -8.0 -7.9 -7.8 -7.7 -7.6 -7.5 -7.4 -7.3 -7.3 -7.2 -7.1 -6.9 -6.9
ligand_1090 -7.4 -7.4 -7.3 -7.2 -6.7 -6.5 -6.5 -6.4 -6.1 -6.1 -5.9 -5.8 -5.8 -5.8 -5.7 -5.7 -5.7 -5.7 -5.6 -5.5
ligand_1091 -7.2 -6.7 -6.5 -6.4 -6.2 -6.0 -6.0 -5.7 -5.7 -5.6 -5.5 -5.4 -5.3 -5.2 -5.1 -5.0 -5.0 -4.9 -4.9 -4.7
ligand_1092 -7.3 -7.1 -7.1 -7.0 -6.7 -6.7 -6.7 -6.5 -6.5 -6.3 -6.1 -6.1 -5.9 -5.7 -5.7 -5.7 -5.6 -5.5 -5.5 -5.4
ligand_1093 -7.1 -6.8 -6.7 -6.6 -6.5 -6.4 -6.4 -6.3 -6.1 -6.0 -6.0 -6.0 -5.9 -5.8 -5.7 -5.6 -5.4 -5.3 -5.2 -5.2
ligand_1094 -7.4 -7.1 -7.0 -6.9 -6.9 -6.7 -6.7 -6.4 -6.1 -6.0 -6.0 -6.0 -5.9 -5.9 -5.9 -5.8 -5.5 -5.5 -5.4 -5.2
ligand_1095 -6.5 -6.5 -6.4 -6.4 -6.4 -6.3 -6.2 -6.1 -6.1 -6.0 -5.8 -5.8 -5.8 -5.6 -5.5 -5.5 -5.4 -5.1 -5.0 -5.0
ligand_1096 -7.0 -7.0 -6.8 -6.4 -6.4 -6.3 -6.3 -6.2 -6.1 -6.0 -6.0 -5.9 -5.8 -5.7 -5.7 -5.6 -5.6 -5.4 -5.4 -5.2
ligand_1097 -9.2 -8.4 -8.1 -7.3 -7.2 -7.1 -7.0 -7.0 -7.0 -6.9 -6.8 -6.8 -6.6 -6.4 -6.3 -6.3 -6.2
ligand_1098 -9.1 -8.3 -8.0 -8.0 -7.7 -7.3 -7.2 -6.8 -6.8 -6.8 -6.8 -6.7 -6.7 -6.5 -6.5 -6.2
ligand_1099 -9.6 -8.9 -8.5 -8.4 -8.1 -7.8 -7.7 -7.7 -7.7 -7.6 -7.6 -7.3 -7.3 -7.2 -7.2 -7.1 -7.0 -7.0 -7.0 -6.9
ligand_11 -8.5 -7.9 -7.9 -7.8 -7.7 -7.6 -7.6 -7.6 -7.6 -7.5 -7.4 -7.3 -7.2 -7.2 -7.2 -7.1 -6.9 -6.8 -6.6 -6.5
ligand_110 -8.6 -8.5 -8.2 -8.2 -8.2 -7.7 -7.6 -7.5 -7.5 -7.4 -7.4 -7.3 -7.2 -7.2 -7.1 -7.1 -6.9 -6.9 -6.8 -6.8
ligand_1100 -9.0 -8.1 -8.0 -7.4 -7.0 -7.0 -7.0 -6.9 -6.7 -6.7 -6.7 -6.5 -6.4 -6.4 -6.3 -6.3 -6.2 -6.2 -6.1 -6.1
ligand_1101 -8.0 -7.9 -7.9 -7.7 -7.6 -7.5 -7.5 -7.2 -7.2 -7.1 -7.1 -6.9 -6.7 -6.6 -6.6 -6.5 -6.4 -6.2 -6.2 -6.2
ligand_1102 -8.0 -7.9 -7.6 -7.6 -7.6 -7.4 -7.4 -7.3 -7.3 -7.2 -7.1 -7.1 -6.9 -6.7 -6.5 -6.4 -6.3 -6.3 -6.3 -6.2
ligand_1103 -8.0 -7.6 -7.5 -7.3 -7.2 -7.0 -6.6 -6.6 -6.6 -6.6 -6.5 -6.5 -6.4 -6.4 -6.3 -6.2 -6.1 -6.0 -5.7 -5.7
ligand_1104 -6.8 -6.4 -6.4 -6.1 -6.1 -6.1 -6.0 -5.9 -5.9 -5.9 -5.8 -5.6 -5.6 -5.5 -5.5 -5.5 -5.3 -5.3 -5.3 -5.2
ligand_1105 -7.8 -7.5 -7.3 -7.2 -7.2 -7.1 -7.0 -7.0 -6.9 -6.8 -6.8 -6.8 -6.6 -6.5 -6.5 -6.4 -6.3 -6.1 -6.1 -6.0
ligand_1106 -7.8 -7.6 -7.6 -7.5 -7.5 -7.4 -7.0 -6.9 -6.9 -6.8 -6.7 -6.6 -6.5 -6.5 -6.4 -6.3 -6.3 -6.1 -6.1 -6.0
ligand_1107 -8.9 -7.4 -7.2 -7.0 -7.0 -7.0 -6.9 -6.6 -6.5 -6.3 -6.3 -6.2 -6.2 -6.1 -6.0
ligand_1108 -7.0 -6.7 -6.3 -6.3 -6.2 -6.2 -6.1 -6.1 -6.0 -6.0 -5.8 -5.8 -5.8 -5.6 -5.6 -5.5 -5.5 -5.3 -5.2 -5.1
ligand_1109 -8.1 -7.7 -7.5 -7.4 -7.3 -7.2 -7.2 -7.0 -6.8 -6.8 -6.7 -6.6 -6.6 -6.4 -6.4 -6.3 -6.1 -6.1 -6.1 -6.1
ligand_111 -7.9 -7.5 -7.5 -7.4 -7.3 -7.3 -7.3 -7.2 -7.1 -7.0 -6.9 -6.9 -6.8 -6.8 -6.7 -6.6 -6.6 -6.5 -6.3 -5.8
ligand_1110 -7.3 -7.1 -7.1 -7.0 -7.0 -6.9 -6.9 -6.7 -6.7 -6.7 -6.6 -6.6 -6.6 -6.5 -6.4 -6.4 -6.2 -6.2 -6.1 -6.0
ligand_1111 -9.0 -8.2 -7.7 -7.5 -7.3 -7.2 -7.1 -7.1 -7.1 -7.1 -7.0 -6.9 -6.9 -6.8 -6.6 -6.6 -6.5 -6.5 -6.4 -6.4
ligand_1112 -7.2 -7.1 -7.0 -6.8 -6.6 -6.6 -6.5 -6.5 -6.5 -6.2 -6.2 -6.2 -6.1 -6.1 -6.1 -6.1 -6.1 -6.1 -6.1 -6.0
ligand_1113 -7.8 -7.7 -7.5 -7.3 -7.1 -6.6 -6.5 -6.4 -6.3 -6.3 -6.3 -6.0 -6.0 -5.9 -5.9 -5.9 -5.9 -5.8 -5.7 -5.6
ligand_1114 -6.9 -6.5 -6.3 -6.3 -6.0 -5.8 -5.7 -5.6 -5.6 -5.6 -5.6 -5.5 -5.4 -5.4 -5.4 -5.4 -5.2 -5.2 -5.1 -4.9
ligand_1115 -7.3 -7.2 -7.1 -6.9 -6.8 -6.7 -6.6 -6.6 -6.6 -6.4 -6.3 -6.3 -6.3 -6.2 -6.1 -6.1 -6.1 -5.8 -5.5 -5.5
ligand_1116 -7.9 -7.7 -7.3 -6.9 -6.9 -6.9 -6.8 -6.7 -6.6 -6.5 -6.4 -6.3 -6.2 -6.2 -6.0 -5.9 -5.7 -5.7 -5.5 -5.5
ligand_1117 -7.3 -7.1 -7.0 -7.0 -6.9 -6.9 -6.7 -6.7 -6.6 -6.1 -5.9 -5.8 -5.7 -5.7 -5.6 -5.6 -5.6 -5.5 -5.3 -5.2
ligand_1118 -7.3 -7.2 -7.2 -6.8 -6.7 -6.6 -6.5 -6.4 -6.3 -6.3 -6.3 -6.2 -6.1 -6.0 -6.0 -5.9 -5.7 -5.6 -5.6 -5.5
ligand_1119 -7.1 -7.1 -7.0 -7.0 -6.6 -6.5 -6.4 -6.1 -6.1 -6.1 -5.9 -5.8 -5.8 -5.7 -5.7 -5.6 -5.5 -5.5 -5.5 -5.4
ligand_112 -7.8 -7.6 -7.5 -7.4 -7.4 -7.3 -7.0 -6.9 -6.8 -6.8 -6.7 -6.6 -6.6 -6.5 -6.3 -6.2 -6.1 -6.1 -6.1 -6.0
ligand_1120 -7.5 -7.4 -7.4 -7.0 -6.9 -6.9 -6.8 -6.6 -6.4 -6.4 -6.3 -6.3 -6.2 -6.2 -6.1 -6.0 -5.8 -5.8 -5.8 -5.7
ligand_1121 -7.5 -7.3 -7.0 -6.8 -6.8 -6.7 -6.6 -6.4 -6.4 -6.3 -6.2 -6.2 -6.2 -5.9 -5.9 -5.7 -5.7 -5.7 -5.7 -5.4
ligand_1122 -7.7 -7.5 -7.5 -7.4 -7.3 -7.2 -7.1 -6.6 -6.6 -6.5 -6.4 -6.3 -6.2 -6.1 -6.0 -5.9 -5.8 -5.3 -5.3 -5.3
ligand_1123 -6.7 -6.7 -6.4 -6.2 -5.8 -5.8 -5.6 -5.6 -5.5 -5.4 -5.4 -5.3 -5.1 -5.1 -5.0 -4.8 -4.8 -4.8 -4.7 -4.6
ligand_1124 -9.4 -9.0 -8.9 -8.8 -8.7 -8.4 -8.0 -7.9 -7.8 -7.5 -7.5 -7.4 -7.2 -7.1 -7.0 -7.0 -7.0 -6.9 -6.9 -6.8
ligand_1125 -7.3 -7.3 -6.8 -6.6 -6.5 -6.5 -6.4 -6.4 -6.2 -6.2 -6.1 -5.9 -5.9 -5.8 -5.8 -5.8 -5.7 -5.7 -5.7 -5.5
ligand_1126 -7.1 -6.9 -6.9 -6.7 -6.5 -6.4 -6.1 -6.1 -6.0 -6.0 -5.9 -5.9 -5.9 -5.5 -5.5 -5.5 -5.3 -5.3 -5.1 -5.0
ligand_1127 -7.0 -6.9 -6.8 -6.7 -6.5 -6.2 -6.1 -5.9 -5.7 -5.6 -5.6 -5.4 -5.4 -5.4 -5.4 -5.3 -5.2 -5.2 -5.1 -4.9
ligand_1128 -7.4 -7.1 -6.9 -6.9 -6.8 -6.8 -6.7 -6.7 -6.6 -6.6 -6.6 -6.2 -6.1 -6.0 -6.0 -6.0 -5.9 -5.9 -5.8 -5.7
ligand_1129 -7.6 -7.4 -7.2 -7.2 -7.2 -7.1 -6.7 -6.7 -6.7 -6.6 -6.6 -6.4 -6.3 -6.2 -6.1 -6.1 -5.9 -5.8 -5.7 -5.6
ligand_113 -8.3 -8.1 -8.0 -8.0 -7.9 -7.8 -7.8 -7.8 -7.7 -7.6 -7.5 -7.5 -7.5 -7.4 -7.4 -7.2 -7.1 -7.0 -6.9 -6.9
ligand_1130 -7.5 -7.4 -7.3 -7.2 -6.8 -6.8 -6.7 -6.7 -6.4 -6.3 -5.9 -5.9 -5.9 -5.8 -5.7 -5.7 -5.6 -5.6 -5.6 -5.4
ligand_1131 -7.5 -7.3 -7.1 -7.1 -6.9 -6.7 -6.7 -6.6 -6.5 -6.5 -6.5 -6.4 -6.3 -6.2 -6.1 -6.0 -6.0 -5.9 -5.8 -5.8
ligand_6 -8.2 -8.1 -7.8 -7.5 -7.5 -7.2 -7.0 -6.8 -6.8 -6.8 -6.7 -6.7 -6.6 -6.6 -6.5 -6.5 -6.4 -6.2 -6.2 -6.1
ligand_60 -8.8 -8.6 -8.5 -8.1 -8.1 -7.8 -7.7 -7.5 -7.3 -7.2 -6.9 -6.8 -6.8 -6.8 -6.6 -6.5 -6.5 -6.4 -6.2 -6.1
ligand_600 -7.9 -7.8 -7.7 -7.4 -7.3 -6.9 -6.8 -6.6 -6.5 -6.5 -6.3 -6.3 -6.1 -6.0 -5.9 -5.8 -5.6 -5.6 -5.6 -5.5
ligand_601 -8.1 -7.9 -7.7 -7.7 -7.5 -7.0 -7.0 -6.9 -6.8 -6.8 -6.6 -6.6 -6.2 -6.1 -5.7 -5.7 -5.6 -5.6 -5.6 -5.5
ligand_602 -8.3 -7.9 -7.9 -7.8 -7.5 -7.5 -7.4 -7.3 -7.2 -7.1 -7.0 -6.9 -6.7 -6.7 -6.6 -6.4 -6.4 -6.3 -6.3 -6.1
ligand_603 -7.9 -7.7 -7.5 -7.2 -6.8 -6.7 -6.7 -6.6 -6.3 -6.1 -5.9 -5.9 -5.8 -5.7 -5.7 -5.6 -5.6 -5.6 -5.5 -5.5
ligand_604 -7.7 -7.6 -7.5 -7.3 -7.3 -7.2 -7.1 -6.9 -6.4 -6.4 -6.2 -6.1 -6.1 -6.0 -5.9 -5.9 -5.8 -5.8 -5.7 -5.6
ligand_605 -9.2 -9.0 -8.6 -8.6 -8.4 -8.3 -8.2 -8.0 -7.7 -7.7 -7.6 -7.6 -7.5 -7.3 -7.3 -7.1 -7.0 -6.9 -6.8 -6.7
ligand_606 -7.1 -7.1 -6.9 -6.9 -6.8 -6.6 -6.4 -6.4 -6.4 -6.3 -6.3 -6.3 -6.2 -6.2 -6.1 -6.1 -5.9 -5.8 -5.8 -5.7
ligand_607 -7.2 -7.2 -7.1 -7.1 -7.0 -6.8 -6.8 -6.8 -6.8 -6.7 -6.7 -6.7 -6.6 -6.6 -6.6 -6.5 -6.5 -6.4 -6.4 -6.3
ligand_608 -7.3 -7.2 -7.1 -6.9 -6.8 -6.6 -6.5 -6.5 -6.3 -6.3 -5.9 -5.9 -5.8 -5.6 -5.5 -5.5 -5.5 -5.4 -5.3 -5.3
ligand_609 -8.2 -7.8 -7.7 -7.2 -7.0 -6.8 -6.4 -6.4 -6.2 -6.2 -6.2 -6.2 -6.1 -5.9 -5.8 -5.7 -5.6 -5.6 -5.4 -5.4
ligand_61 -9.5 -8.9 -8.8 -8.8 -8.5 -8.3 -8.3 -8.2 -7.9 -7.9 -7.7 -7.5 -7.4 -7.4 -7.3 -7.2 -7.0 -7.0 -6.9 -6.8
ligand_610 -7.3 -7.2 -7.1 -6.8 -6.8 -6.8 -6.7 -6.6 -6.6 -6.6 -6.6 -6.4 -6.4 -6.3 -6.0 -6.0 -5.9 -5.6 -5.5
ligand_611 -9.1 -8.8 -8.7 -8.7 -8.4 -8.2 -8.1 -7.8 -7.7 -7.4 -7.4 -7.3 -7.2 -7.0 -6.8 -6.8 -6.7 -6.5 -6.4 -6.3
ligand_612 -7.9 -7.8 -7.4 -7.1 -7.1 -7.0 -6.8 -6.8 -6.7 -6.6 -6.4 -6.3 -6.3 -6.1 -6.0 -6.0 -5.9 -5.9 -5.9 -5.8
ligand_613 -8.6 -8.5 -8.4 -7.9 -7.9 -7.4 -7.3 -7.2 -7.1 -7.1 -7.1 -7.0 -6.8 -6.3 -6.0 -5.8 -5.7 -5.6
ligand_614 -7.4 -6.9 -6.9 -6.7 -6.5 -6.4 -6.4 -5.9 -5.9 -5.7 -5.6 -5.6 -5.5 -5.4 -5.4 -5.2 -5.0 -5.0 -5.0 -5.0
ligand_615 -8.3 -7.7 -7.4 -7.3 -7.2 -7.1 -6.8 -6.8 -6.7 -6.6 -6.5 -6.5 -6.5 -6.4 -6.4 -6.4 -6.4 -6.3 -6.3 -6.2
ligand_616 -8.9 -8.0 -7.9 -7.8 -7.7 -7.6 -7.5 -7.3 -7.3 -7.3 -7.0 -6.8 -6.7 -6.3 -6.2 -6.0 -6.0
ligand_617 -7.2 -7.1 -6.9 -6.8 -6.7 -6.6 -6.4 -6.4 -6.3 -6.1 -6.1 -6.1 -6.0 -5.9 -5.9 -5.9 -5.8 -5.8 -5.8 -5.7
ligand_618 -9.4 -9.3 -9.0 -8.9 -8.6 -8.3 -8.2 -8.1 -8.1 -7.9 -7.7 -7.5 -7.4 -7.2 -7.2 -6.9 -6.9 -6.9 -6.7 -6.6
ligand_619 -9.1 -8.7 -8.4 -8.3 -7.8 -7.7 -7.1 -6.8 -6.8 -6.5 -6.4 -6.4 -6.1 -6.1
ligand_62 -8.0 -7.8 -7.6 -7.5 -7.4 -7.4 -7.4 -7.3 -6.9 -6.9 -6.8 -6.6 -6.5 -6.3 -6.2 -6.2 -6.1 -6.1 -6.1 -6.0
ligand_620 -7.5 -7.2 -7.0 -6.9 -6.9 -6.8 -6.8 -6.7 -6.4 -6.3 -5.9 -5.7 -5.7 -5.6 -5.4 -5.3 -5.2 -5.2 -5.1 -5.1
ligand_621 -7.1 -7.1 -6.9 -6.9 -6.5 -6.4 -6.4 -6.3 -6.2 -6.1 -6.0 -6.0 -6.0 -5.8 -5.7 -5.6 -5.5 -5.3 -5.3 -5.3
ligand_622 -7.3 -7.2 -7.1 -7.0 -7.0 -7.0 -6.7 -6.7 -6.6 -6.5 -6.5 -6.3 -6.3 -6.2 -6.1 -6.1 -5.8 -5.7 -5.7 -5.5
ligand_623 -9.1 -8.9 -8.6 -8.2 -8.0 -7.4 -7.2 -7.1 -7.0 -7.0 -6.9 -6.9 -6.8 -6.7 -6.6 -6.4 -6.3 -6.3 -6.3 -6.1
ligand_624 -8.3 -8.2 -8.1 -7.9 -7.8 -7.4 -7.3 -7.1 -7.0 -7.0 -7.0 -6.9 -6.9 -6.9 -6.6 -6.4 -6.4 -6.3 -6.2 -6.2
ligand_625 -8.4 -8.2 -8.2 -7.9 -7.6 -7.5 -7.2 -7.1 -7.0 -6.8 -6.5 -6.5 -6.4 -6.3 -6.2 -6.0 -6.0 -5.9 -5.9 -5.7
ligand_626 -8.6 -8.0 -7.9 -7.8 -7.7 -7.4 -7.3 -7.2 -7.2 -7.0 -6.9 -6.8 -6.7 -6.4 -6.4 -6.3 -6.3 -6.3 -6.2 -6.1
ligand_627 -7.2 -6.9 -6.8 -6.3 -6.2 -6.1 -6.0 -5.7 -5.7 -5.7 -5.5 -5.5 -5.4 -5.2 -5.2 -5.2 -5.1 -4.9 -4.7 -4.7
ligand_628 -7.1 -6.9 -6.9 -6.8 -6.8 -6.3 -6.3 -5.9 -5.8 -5.7 -5.7 -5.6 -5.5 -5.4 -5.4 -5.3 -5.3 -5.3 -5.2 -5.0
ligand_629 -7.4 -7.4 -7.2 -7.1 -7.0 -6.8 -6.8 -6.7 -6.6 -6.5 -6.5 -6.3 -6.2 -5.8 -5.8 -5.6 -5.6 -5.6 -5.6 -5.5
ligand_63 -8.3 -8.1 -8.0 -7.9 -7.7 -7.7 -7.6 -7.4 -7.3 -7.3 -7.0 -7.0 -6.8 -6.8 -6.7 -6.7 -6.5 -6.5 -6.4 -6.1
ligand_630 -6.8 -6.7 -6.5 -6.5 -6.5 -6.3 -6.2 -6.0 -6.0 -5.8 -5.6 -5.4 -5.3 -5.3 -5.2 -5.2 -5.2 -5.0 -4.8 -4.8
ligand_631 -8.0 -8.0 -6.8 -6.7 -6.3 -6.3 -6.1 -5.9 -5.8 -5.8 -5.7 -5.6 -5.5 -5.5 -5.4 -5.4 -5.3 -5.3 -5.2 -5.1
ligand_632 -7.4 -7.3 -6.9 -6.9 -6.7 -6.5 -6.4 -6.4 -6.4 -6.2 -5.8 -5.6 -5.5 -5.5 -5.4 -5.4 -5.3 -5.3 -5.2 -5.1
ligand_633 -7.4 -7.3 -7.1 -6.9 -6.8 -6.7 -6.7 -6.6 -6.5 -6.5 -6.5 -6.4 -6.4 -6.4 -6.2 -6.2 -6.1 -6.1 -6.1 -5.9
ligand_634 -7.8 -7.6 -7.6 -7.3 -7.2 -7.1 -7.0 -6.9 -6.8 -6.8 -6.8 -6.7 -6.7 -6.3 -6.3 -6.2 -6.1 -6.0 -5.9 -5.9
ligand_635 -7.7 -7.7 -7.6 -7.4 -7.4 -7.1 -7.1 -7.1 -7.0 -7.0 -6.7 -6.3 -6.3 -6.2 -6.2 -6.1 -6.1 -6.0 -6.0 -5.9
ligand_636 -7.5 -7.3 -7.0 -6.9 -6.8 -6.4 -6.2 -6.2 -6.1 -6.0 -6.0 -6.0 -5.7 -5.6 -5.6 -5.4 -5.4 -5.4 -5.3 -5.3
ligand_637 -8.0 -7.9 -7.9 -7.9 -7.5 -7.5 -7.5 -7.3 -7.3 -7.2 -7.2 -7.0 -7.0 -6.9 -6.9 -6.9 -6.8 -6.7 -6.7 -6.6
ligand_638 -7.9 -7.8 -7.8 -7.7 -7.7 -7.4 -7.3 -7.2 -7.0 -6.7 -6.6 -6.3 -6.3 -6.3 -6.2 -6.2 -6.1 -6.1 -6.1 -5.8
ligand_639 -7.2 -6.9 -6.9 -6.9 -6.6 -6.5 -6.5 -6.3 -6.2 -6.1 -6.0 -5.9 -5.8 -5.7 -5.7 -5.7 -5.6 -5.4 -5.4 -5.4
ligand_64 -7.3 -7.1 -6.5 -6.5 -6.4 -6.4 -6.4 -6.3 -6.2 -6.1 -6.1 -5.9 -5.9 -5.9 -5.9 -5.7 -5.7 -5.5 -5.5 -5.3
ligand_640 -7.1 -6.9 -6.9 -6.9 -6.8 -6.7 -6.6 -6.6 -6.4 -6.4 -6.1 -5.9 -5.9 -5.9 -5.8 -5.7 -5.6 -5.5 -5.5 -5.4
ligand_641 -7.0 -7.0 -6.9 -6.9 -6.4 -6.1 -6.1 -6.1 -5.9 -5.7 -5.7 -5.7 -5.6 -5.6 -5.6 -5.6 -5.5 -5.5 -5.3 -5.2
ligand_642 -6.9 -6.8 -6.8 -6.6 -6.4 -6.4 -6.3 -6.2 -6.2 -6.1 -6.1 -6.0 -5.9 -5.9 -5.6 -5.6 -5.6 -5.5 -5.4 -5.2
ligand_643 -7.7 -7.2 -7.1 -7.1 -6.9 -6.7 -6.5 -6.4 -6.4 -6.3 -6.3 -6.2 -6.2 -6.2 -6.1 -6.0 -5.9 -5.6 -5.5 -5.5
ligand_644 -7.5 -7.3 -7.2 -6.9 -6.6 -6.5 -6.4 -6.1 -6.0 -6.0 -5.9 -5.8 -5.7 -5.7 -5.6 -5.6 -5.5 -5.4 -5.3 -5.2
ligand_645 -7.6 -6.8 -6.7 -6.6 -6.5 -6.5 -6.5 -6.3 -6.3 -6.0 -6.0 -5.7 -5.7 -5.6 -5.4 -5.4 -5.4 -5.4 -5.4 -5.3
ligand_646 -7.1 -7.1 -7.1 -6.9 -6.8 -6.7 -6.6 -6.4 -6.4 -6.3 -6.1 -6.0 -5.9 -5.9 -5.8 -5.7 -5.7 -5.6 -5.4 -5.4
ligand_647 -8.0 -7.6 -7.2 -7.2 -6.9 -6.6 -6.5 -6.4 -6.2 -5.9 -5.8 -5.7 -5.7 -5.6 -5.5 -5.5 -5.5 -5.4 -5.4 -5.2
ligand_648 -7.4 -7.3 -7.1 -7.1 -7.0 -6.8 -6.5 -6.5 -6.3 -6.2 -6.2 -6.0 -6.0 -5.5 -5.3 -5.3 -5.2 -5.0 -5.0 -4.9
ligand_649 -6.9 -6.4 -6.4 -6.4 -6.0 -6.0 -5.9 -5.9 -5.6 -5.6 -5.5 -5.5 -5.4 -5.1 -5.1 -5.0 -5.0 -4.9 -4.8 -4.7
ligand_65 -8.0 -7.5 -7.3 -7.2 -7.0 -7.0 -6.8 -6.8 -6.7 -6.7 -6.7 -6.7 -6.6 -6.5 -6.5 -6.4 -6.3 -6.2 -6.2 -6.0
ligand_650 -6.9 -6.3 -6.2 -6.2 -6.0 -6.0 -5.9 -5.8 -5.8 -5.5 -5.5 -5.3 -5.3 -5.2 -5.1 -5.0 -4.9 -4.8 -4.7 -4.6
ligand_651 -7.1 -6.9 -6.9 -6.3 -6.2 -6.2 -6.1 -6.1 -6.0 -5.9 -5.7 -5.5 -5.5 -5.3 -5.2 -5.2 -5.2 -5.2 -5.1 -5.0
ligand_652 -7.4 -7.2 -7.2 -7.2 -7.1 -7.1 -6.9 -6.8 -6.5 -6.5 -6.3 -6.2 -6.2 -6.2 -6.2 -6.1 -6.1 -6.0 -5.9 -5.8
ligand_653 -7.4 -7.2 -7.2 -7.0 -6.6 -6.3 -6.3 -6.2 -6.2 -6.2 -6.0 -5.9 -5.9 -5.8 -5.7 -5.7 -5.5 -5.5 -5.5 -5.5
ligand_654 -8.1 -7.8 -7.4 -7.3 -7.1 -6.9 -6.9 -6.6 -6.6 -6.3 -6.1 -6.0 -5.9 -5.9 -5.9 -5.8 -5.8 -5.8 -5.6 -5.5
ligand_655 -8.4 -8.3 -8.2 -7.5 -7.4 -7.2 -7.0 -7.0 -6.4 -6.4 -6.3 -6.3 -6.3 -6.3 -6.2 -6.2 -6.2 -6.1 -6.0 -6.0
ligand_656 -7.9 -7.8 -7.8 -7.2 -6.9 -6.9 -6.8 -6.6 -6.6 -6.5 -6.5 -6.4 -6.3 -6.3 -6.3 -6.3 -6.3 -6.2 -6.2 -6.2
ligand_657 -7.9 -7.8 -7.3 -7.2 -7.0 -6.4 -6.3 -6.2 -6.2 -6.0 -5.8 -5.7 -5.6 -5.5 -5.4 -5.4 -5.3 -5.3 -5.2 -5.2
ligand_658 -7.3 -7.2 -7.1 -7.0 -6.9 -6.9 -6.6 -6.3 -6.1 -6.1 -6.1 -6.0 -6.0 -6.0 -5.9 -5.7 -5.7 -5.6 -5.6 -5.5
ligand_659 -7.9 -7.9 -7.8 -7.7 -7.7 -7.4 -7.1 -6.8 -6.8 -6.7 -6.7 -6.7 -6.7 -6.6 -6.6 -6.6 -6.3 -6.3 -6.3 -6.2
ligand_66 -8.8 -8.7 -8.7 -8.6 -8.3 -8.2 -7.9 -7.8 -7.6 -7.6 -7.5 -7.4 -7.3 -7.3 -7.2 -7.1 -6.9 -6.8 -6.8 -6.6
ligand_660 -8.4 -8.1 -7.5 -7.5 -7.3 -7.2 -7.0 -6.7 -6.6 -6.5 -6.3 -6.2 -6.2 -6.0 -5.8 -5.7 -5.6 -5.5
ligand_661 -7.0 -6.7 -6.6 -6.5 -6.5 -6.5 -6.4 -6.4 -6.3 -6.0 -5.9 -5.8 -5.8 -5.7 -5.5 -5.5 -5.4 -5.4 -5.3 -5.2
ligand_662 -6.7 -6.7 -6.3 -6.2 -6.0 -5.6 -5.6 -5.6 -5.5 -5.5 -5.5 -5.4 -5.4 -5.4 -5.2 -5.2 -5.2 -5.1 -5.0 -4.9
ligand_663 -6.9 -6.9 -6.8 -6.8 -6.7 -6.3 -6.3 -6.1 -6.1 -5.6 -5.6 -5.5 -5.5 -5.5 -5.5 -5.4 -5.4 -5.3 -5.2 -5.0
ligand_664 -7.3 -7.0 -7.0 -6.8 -6.5 -6.4 -6.4 -6.4 -6.4 -6.3 -6.3 -6.2 -6.1 -6.1 -6.0 -5.9 -5.8 -5.7 -5.7 -5.6
ligand_665 -7.2 -6.9 -6.9 -6.6 -6.6 -6.2 -6.0 -5.9 -5.8 -5.7 -5.7 -5.6 -5.6 -5.6 -5.5 -5.5 -5.5 -5.5 -5.4 -5.4
ligand_666 -7.2 -6.6 -6.5 -6.4 -6.4 -6.2 -6.1 -6.0 -5.8 -5.8 -5.8 -5.8 -5.8 -5.7 -5.6 -5.5 -5.5 -5.5 -5.4 -5.3
ligand_667 -7.0 -6.8 -6.8 -6.8 -6.7 -6.7 -6.6 -6.6 -6.5 -6.3 -6.1 -6.1 -5.8 -5.8 -5.8 -5.8 -5.6 -5.6 -5.5 -5.3
ligand_668 -7.8 -7.8 -7.7 -7.5 -7.5 -7.3 -7.1 -7.1 -7.0 -7.0 -6.9 -6.8 -6.8 -6.7 -6.7 -6.5 -6.5 -6.4 -6.4 -6.2
ligand_669 -7.2 -7.1 -6.6 -6.6 -6.5 -6.3 -6.2 -6.0 -5.8 -5.7 -5.6 -5.5 -5.5 -5.5 -5.3 -5.3 -5.2 -5.2 -5.2 -5.1
ligand_67 -8.9 -8.8 -8.7 -8.4 -8.4 -8.1 -8.1 -7.8 -7.7 -7.6 -7.5 -7.5 -7.5 -7.4 -7.3 -7.3 -7.2 -7.1 -7.0 -6.9
ligand_670 -6.9 -6.6 -6.5 -6.4 -6.4 -6.4 -6.3 -6.1 -5.9 -5.9 -5.9 -5.7 -5.7 -5.7 -5.5 -5.5 -5.4 -5.4 -5.1 -5.1
ligand_671 -8.0 -7.5 -7.2 -7.2 -7.1 -6.9 -6.8 -6.8 -6.7 -6.7 -6.7 -6.7 -6.6 -6.5 -6.5 -6.5 -6.4 -6.4 -6.3 -6.1
ligand_672 -6.9 -6.7 -6.5 -6.4 -6.4 -6.3 -6.0 -5.9 -5.9 -5.7 -5.7 -5.6 -5.4 -5.3 -5.2 -5.0 -4.9 -4.9 -4.9 -4.9
ligand_673 -7.3 -7.2 -7.2 -6.7 -6.6 -6.4 -6.3 -6.3 -6.2 -6.0 -5.6 -5.6 -5.6 -5.5 -5.5 -5.1 -5.1 -5.1 -4.9 -4.7
ligand_674 -8.6 -8.4 -8.4 -8.1 -8.0 -7.9 -7.8 -7.5 -7.2 -7.1 -6.8 -6.8 -6.6 -6.6 -6.5 -6.4 -6.1 -6.0 -5.9 -5.9
ligand_675 -6.9 -6.8 -6.7 -6.5 -6.5 -6.4 -6.4 -6.3 -6.3 -6.3 -6.2 -6.1 -6.0 -5.8 -5.8 -5.6 -5.6 -5.5 -5.4 -5.4
ligand_676 -7.5 -7.5 -7.1 -7.1 -7.0 -6.7 -6.7 -6.5 -6.4 -6.4 -6.4 -6.3 -6.3 -6.1 -6.1 -6.0 -5.6 -5.5 -5.5 -5.4
ligand_677 -8.0 -7.5 -7.4 -6.7 -6.7 -6.7 -6.7 -6.7 -6.5 -6.5 -6.2 -6.1 -6.0 -6.0 -5.9 -5.7 -5.7 -5.6 -5.3 -5.1
ligand_678 -7.9 -7.8 -7.7 -7.6 -7.5 -7.5 -7.4 -7.4 -7.1 -7.0 -6.8 -6.8 -6.8 -6.7 -6.6 -6.6 -6.6 -6.4 -6.4 -6.4
ligand_679 -7.9 -7.7 -7.5 -7.4 -7.2 -7.2 -7.1 -7.1 -7.1 -7.0 -7.0 -6.9 -6.8 -6.6 -6.5 -6.5 -6.4 -6.4 -6.4 -6.3
ligand_68 -7.3 -7.3 -7.0 -6.9 -6.8 -6.6 -6.5 -6.5 -6.3 -6.3 -6.2 -5.9 -5.7 -5.7 -5.6 -5.6 -5.5 -5.5 -5.4 -5.4
ligand_680 -7.9 -7.9 -7.7 -7.6 -7.6 -7.3 -7.3 -7.2 -7.1 -6.9 -6.9 -6.8 -6.7 -6.7 -6.6 -6.5 -6.4 -6.3 -6.3 -6.1
ligand_681 -8.7 -8.5 -8.2 -8.1 -8.0 -7.9 -7.5 -7.5 -7.4 -7.3 -7.3 -7.2 -7.1 -7.1 -7.1 -7.1 -7.1 -7.1 -6.9 -6.7
ligand_682 -8.8 -8.4 -8.2 -7.8 -7.5 -7.4 -7.3 -7.2 -7.1 -7.1 -6.8 -6.8 -6.8 -6.8 -6.7 -6.6 -6.5 -6.5 -6.2 -6.2
ligand_683 -8.4 -8.3 -8.3 -7.9 -7.9 -7.8 -7.6 -7.1 -7.1 -6.9 -6.8 -6.8 -6.7 -6.6 -6.5 -6.4 -6.4 -6.4 -6.3 -6.3
ligand_684 -8.4 -8.3 -8.3 -8.2 -8.0 -7.9 -7.6 -7.6 -7.5 -7.5 -7.4 -7.4 -7.3 -7.2 -7.1 -7.1 -6.6 -6.5 -6.5 -6.5
ligand_685 -7.7 -7.7 -7.6 -7.5 -7.5 -7.4 -7.2 -7.0 -6.9 -6.9 -6.8 -6.7 -6.7 -6.7 -6.6 -6.5 -6.4 -6.4 -6.4 -6.3
ligand_686 -8.1 -8.0 -8.0 -7.9 -7.9 -7.8 -7.5 -7.4 -7.3 -7.3 -7.1 -7.1 -7.0 -6.9 -6.8 -6.8 -6.7 -6.7 -6.6 -6.6
ligand_687 -8.4 -8.3 -8.3 -8.3 -8.1 -8.0 -8.0 -7.9 -7.7 -7.6 -7.5 -7.3 -7.3 -7.1 -6.9 -6.7 -6.5 -6.5 -6.5 -6.4
ligand_688 -8.9 -8.7 -8.6 -8.6 -8.4 -8.2 -8.1 -7.7 -7.7 -7.6 -7.5 -7.4 -7.4 -7.2 -7.1 -7.1 -6.9 -6.9 -6.7 -6.4
ligand_689 -9.4 -8.9 -8.5 -8.3 -8.1 -8.0 -7.8 -7.7 -7.7 -7.7 -7.6 -7.4 -7.2 -7.2 -7.1 -7.0 -6.9 -6.9 -6.8 -6.7
ligand_69 -7.8 -7.5 -7.5 -6.9 -6.8 -6.8 -6.8 -6.6 -6.6 -6.6 -6.5 -6.4 -6.4 -6.3 -6.2 -6.1 -6.1 -5.9 -5.8 -5.8
ligand_690 -9.5 -9.2 -8.4 -8.3 -8.2 -7.8 -7.7 -7.6 -7.5 -7.4 -7.2 -7.0 -7.0 -6.9 -6.9 -6.9 -6.8 -6.7 -6.6 -6.6
ligand_691 -8.8 -8.3 -8.1 -8.0 -7.8 -7.8 -7.2 -6.9 -6.8 -6.7 -6.4 -6.4 -6.3 -6.2 -6.2 -6.1 -6.1 -6.1 -6.0 -6.0
ligand_692 -8.7 -8.1 -8.0 -7.8 -7.7 -7.6 -7.5 -7.4 -7.1 -6.9 -6.8 -6.4 -6.2 -6.2 -6.1 -6.1 -6.0 -5.9 -5.9 -5.9
ligand_693 -8.1 -7.8 -7.8 -7.5 -7.3 -7.1 -7.0 -6.9 -6.8 -6.7 -6.7 -6.5 -6.5 -6.4 -6.3 -6.3 -6.2 -6.1 -6.1 -6.0
ligand_694 -8.0 -7.8 -7.8 -7.6 -7.4 -7.1 -7.1 -7.1 -7.0 -6.4 -6.4 -6.2 -6.2 -6.1 -6.1 -6.1 -6.1 -6.0 -5.8 -5.8
ligand_695 -8.1 -7.7 -7.6 -7.6 -7.5 -7.4 -7.2 -7.1 -7.0 -6.9 -6.9 -6.6 -6.6 -6.5 -6.5 -6.3 -6.3 -6.2 -6.1 -5.9
ligand_696 -8.1 -7.9 -7.7 -7.7 -7.2 -7.2 -7.1 -7.0 -7.0 -7.0 -6.9 -6.8 -6.5 -6.4 -6.3 -6.3 -6.2 -6.2 -6.1 -6.1
ligand_697 -8.1 -8.0 -7.8 -7.6 -7.0 -7.0 -6.9 -6.9 -6.8 -6.6 -6.6 -6.5 -6.4 -6.2 -6.1 -6.1 -5.9 -5.7 -5.6 -5.6
ligand_698 -9.2 -8.8 -8.7 -8.4 -7.7 -7.7 -7.5 -7.3 -7.2 -7.1 -7.1 -7.0 -7.0 -6.7 -6.7 -6.7 -6.6 -6.6 -6.5 -6.4
ligand_699 -9.1 -8.7 -8.6 -8.3 -7.8 -7.6 -7.2 -7.1 -7.0 -7.0 -6.8 -6.7 -6.5 -6.5 -6.5 -6.5 -6.4 -6.2 -6.2
ligand_7 -8.1 -7.8 -7.5 -7.2 -7.1 -7.0 -7.0 -7.0 -6.9 -6.9 -6.9 -6.8 -6.6 -6.5 -6.4 -6.3 -6.2 -6.2 -6.1 -6.1
ligand_70 -7.5 -7.5 -7.3 -7.2 -7.1 -7.1 -7.0 -7.0 -6.9 -6.7 -6.6 -6.4 -6.4 -6.3 -6.1 -6.1 -6.0 -6.0 -6.0 -6.0
ligand_700 -7.8 -7.7 -7.5 -7.5 -7.4 -7.3 -7.2 -6.9 -6.8 -6.7 -6.6 -6.5 -6.4 -6.4 -6.3 -6.3 -6.2 -6.0 -6.0 -6.0
ligand_701 -7.8 -7.8 -7.6 -7.5 -7.3 -7.3 -7.3 -7.0 -6.6 -6.6 -6.5 -6.3 -6.2 -6.2 -6.1 -6.1 -6.1 -6.1 -6.0 -6.0
ligand_702 -8.1 -8.1 -7.9 -7.4 -7.4 -7.2 -7.2 -7.0 -6.9 -6.7 -6.6 -6.5 -6.5 -6.4 -6.3 -6.3 -6.2 -6.2 -6.1 -6.1
ligand_703 -7.8 -7.5 -7.4 -7.4 -7.3 -7.1 -6.8 -6.8 -6.6 -6.2 -6.0 -5.9 -5.7 -5.5 -5.3 -5.3 -5.3 -5.2 -5.2 -5.2
ligand_704 -7.9 -7.8 -7.7 -7.4 -7.3 -7.3 -7.2 -7.1 -6.9 -6.9 -6.9 -6.7 -6.5 -6.5 -6.5 -6.4 -6.3 -6.3 -6.1 -6.1
ligand_705 -6.7 -6.4 -6.4 -6.2 -6.0 -6.0 -5.8 -5.7 -5.6 -5.6 -5.6 -5.5 -5.5 -5.5 -5.4 -5.3 -5.3 -5.1 -5.1 -5.0
ligand_706 -7.1 -6.8 -6.7 -6.5 -6.4 -6.4 -6.3 -6.3 -6.3 -6.2 -6.2 -6.1 -6.1 -6.1 -5.9 -5.9 -5.8 -5.7 -5.7 -5.4
ligand_707 -7.3 -7.2 -7.2 -7.1 -7.0 -6.7 -6.7 -6.7 -6.6 -6.6 -6.5 -6.3 -6.2 -6.2 -6.2 -6.1 -6.0 -5.8 -5.8 -5.8
ligand_708 -7.2 -6.9 -6.7 -6.7 -6.4 -6.4 -6.3 -6.2 -6.2 -6.1 -5.8 -5.7 -5.6 -5.5 -5.5 -5.5 -5.4 -5.4 -5.3 -5.3
ligand_709 -7.6 -7.6 -7.6 -7.6 -7.5 -7.2 -7.1 -7.0 -6.9 -6.8 -6.7 -6.6 -6.6 -6.6 -6.5 -6.5 -6.5 -6.3 -6.3 -6.2
ligand_71 -7.7 -7.7 -7.4 -7.4 -7.4 -7.3 -7.2 -7.1 -7.1 -6.9 -6.9 -6.8 -6.8 -6.7 -6.6 -6.4 -6.4 -6.4 -6.4 -6.3
ligand_710 -7.9 -7.6 -7.6 -7.4 -7.2 -7.2 -7.1 -7.1 -7.0 -7.0 -6.8 -6.8 -6.8 -6.7 -6.5 -6.4 -6.3 -6.2 -6.2 -6.1
ligand_711 -8.7 -8.4 -8.3 -8.0 -8.0 -7.8 -7.7 -7.6 -7.4 -7.4 -7.2 -7.1 -6.8 -6.8 -6.5 -6.2 -6.1 -6.1 -6.0 -5.8
ligand_712 -8.5 -8.1 -7.9 -7.7 -7.6 -7.6 -7.5 -7.3 -7.0 -6.8 -6.8 -6.8 -6.7 -6.7 -6.6 -6.3 -6.3 -6.3 -6.2 -6.2
ligand_713 -7.8 -7.8 -7.8 -7.8 -7.7 -7.7 -7.7 -7.4 -7.3 -7.3 -7.3 -7.2 -7.2 -7.1 -7.0 -6.9 -6.8 -6.8 -6.7 -6.6
ligand_714 -8.0 -8.0 -8.0 -8.0 -7.9 -7.8 -7.8 -7.6 -7.6 -7.6 -7.3 -7.3 -7.1 -7.1 -6.9 -6.9 -6.8 -6.8 -6.5 -6.4
ligand_715 -9.0 -8.8 -8.6 -8.5 -8.1 -7.7 -7.7 -7.6 -7.5 -7.4 -7.4 -7.2 -7.2 -7.2 -7.2 -6.9 -6.9 -6.9 -6.9 -6.7
ligand_716 -8.1 -8.0 -7.7 -7.6 -7.6 -7.5 -7.5 -7.0 -7.0 -6.9 -6.9 -6.8 -6.5 -6.4 -6.2 -6.2 -6.1 -6.0 -6.0 -5.8
ligand_717 -8.1 -8.1 -7.9 -7.9 -7.8 -7.7 -7.5 -7.4 -7.2 -7.2 -7.1 -7.1 -7.1 -6.8 -6.7 -6.6 -6.6 -6.5 -6.5 -6.5
ligand_718 -9.2 -8.7 -8.6 -8.4 -8.3 -8.3 -8.2 -8.1 -8.0 -7.7 -7.7 -7.5 -7.5 -7.4 -7.3 -7.2 -7.2 -7.1 -7.0 -6.9
ligand_719 -8.2 -8.1 -7.8 -7.6 -7.4 -7.4 -7.3 -7.3 -7.2 -6.9 -6.9 -6.8 -6.7 -6.7 -6.5 -6.3 -6.2 -6.1 -6.1 -6.0
ligand_72 -7.5 -7.5 -7.4 -7.3 -7.3 -7.2 -7.2 -7.1 -7.1 -7.0 -6.9 -6.9 -6.9 -6.8 -6.7 -6.6 -6.6 -6.5 -6.5 -6.3
ligand_720 -8.2 -8.2 -7.8 -7.6 -7.5 -7.5 -7.3 -7.3 -7.2 -7.1 -7.1 -7.1 -7.0 -7.0 -7.0 -6.9 -6.7 -6.7 -6.6 -6.5
ligand_721 -9.2 -9.0 -8.7 -8.6 -8.4 -8.4 -8.3 -8.2 -7.7 -7.6 -7.6 -7.5 -7.5 -7.2 -7.1 -7.1 -6.9 -6.8 -6.8 -6.6
ligand_722 -9.2 -8.7 -8.5 -8.3 -8.3 -8.3 -8.3 -7.8 -7.6 -7.5 -7.5 -7.5 -7.2 -7.0 -6.8 -6.8 -6.8 -6.7 -6.7 -6.6
ligand_723 -8.2 -8.2 -7.9 -7.9 -7.6 -7.6 -7.5 -7.4 -7.4 -7.3 -7.1 -6.9 -6.9 -6.6 -6.6 -6.6 -6.5 -6.4 -6.4 -6.4
ligand_724 -8.2 -8.1 -8.0 -7.9 -7.9 -7.9 -7.6 -7.6 -7.6 -7.6 -7.4 -7.4 -7.3 -7.3 -7.3 -6.9 -6.9 -6.8 -6.7 -6.6
ligand_725 -9.3 -8.8 -8.7 -8.4 -8.4 -8.2 -8.2 -7.8 -7.7 -7.7 -7.5 -7.4 -7.4 -7.3 -7.3 -7.3 -7.2 -7.0 -6.9 -6.7
ligand_726 -9.3 -9.0 -8.7 -8.6 -8.4 -8.4 -8.3 -8.3 -8.1 -7.9 -7.8 -7.8 -7.7 -7.7 -7.7 -7.6 -7.5 -7.4 -7.4 -7.3
ligand_727 -8.2 -8.2 -8.1 -8.0 -7.7 -7.6 -7.6 -7.5 -7.4 -7.4 -7.3 -7.2 -7.1 -7.0 -7.0 -6.9 -6.9 -6.9 -6.8 -6.7
ligand_728 -8.3 -8.2 -8.0 -8.0 -8.0 -7.9 -7.8 -7.6 -7.6 -7.5 -7.3 -7.2 -6.8 -6.8 -6.8 -6.8 -6.7 -6.6 -6.5 -6.5
ligand_729 -7.5 -7.5 -7.2 -7.2 -7.2 -7.1 -7.0 -6.9 -6.8 -6.8 -6.8 -6.7 -6.7 -6.5 -6.4 -6.4 -6.3 -6.3 -6.1 -6.0
ligand_73 -9.1 -8.6 -8.1 -7.9 -7.7 -7.6 -7.5 -7.4 -7.2 -7.2 -7.0 -6.9 -6.8 -6.7 -6.6 -6.6 -6.6 -6.5 -6.4 -6.4
ligand_730 -7.8 -7.7 -7.5 -7.4 -7.2 -7.1 -7.0 -7.0 -7.0 -7.0 -6.8 -6.7 -6.7 -6.6 -6.4 -6.4 -6.4 -6.4 -6.3 -6.3
ligand_731 -8.4 -7.9 -7.7 -7.5 -7.4 -7.3 -7.1 -7.0 -6.8 -6.5 -6.5 -6.4 -6.2 -6.2 -6.1 -6.1 -6.1 -6.1 -6.0 -6.0
ligand_732 -8.5 -8.5 -8.0 -7.8 -7.8 -7.5 -7.4 -7.2 -7.1 -7.1 -6.9 -6.8 -6.8 -6.8 -6.7 -6.6 -6.5 -6.5 -6.5 -6.4
ligand_733 -7.6 -7.5 -7.5 -7.5 -7.3 -7.3 -7.2 -7.1 -7.0 -6.9 -6.9 -6.9 -6.9 -6.8 -6.6 -6.6 -6.6 -6.5 -6.5 -6.3
ligand_734 -8.1 -8.0 -7.9 -7.8 -7.8 -7.7 -7.3 -7.3 -7.3 -7.0 -6.8 -6.7 -6.7 -6.5 -6.3 -6.3 -6.2 -6.2 -6.2 -6.2
ligand_735 -9.1 -9.0 -8.6 -8.6 -8.5 -8.3 -8.3 -8.0 -7.7 -7.6 -7.5 -7.5 -7.3 -7.3 -7.2 -7.0 -6.9 -6.9 -6.8 -6.6
ligand_736 -7.3 -6.8 -6.6 -6.3 -6.3 -6.0 -6.0 -5.9 -5.8 -5.8 -5.7 -5.7 -5.6 -5.5 -5.4 -5.3 -5.3 -5.3 -5.2 -5.1
ligand_737 -7.4 -7.2 -7.1 -7.1 -6.9 -6.8 -6.7 -6.4 -6.4 -6.4 -6.4 -6.2 -6.2 -6.1 -6.1 -6.0 -5.9 -5.9 -5.8 -5.8
ligand_738 -8.6 -8.3 -8.1 -8.1 -7.9 -7.7 -7.6 -7.6 -7.6 -7.5 -7.4 -7.3 -7.2 -7.1 -7.1 -7.1 -7.0 -7.0 -6.7 -6.6
ligand_739 -7.5 -7.0 -6.8 -6.8 -6.7 -6.7 -6.6 -6.6 -6.5 -6.4 -6.4 -6.3 -6.2 -6.1 -6.1 -6.1 -5.9 -5.9 -5.7 -5.5
ligand_74 -9.1 -8.9 -8.7 -8.2 -7.9 -7.7 -7.5 -7.4 -7.3 -7.3 -7.0 -6.8 -6.7 -6.7 -6.7 -6.6 -6.5 -6.5 -6.3 -6.3
ligand_740 -7.6 -7.3 -7.1 -7.0 -6.9 -6.8 -6.7 -6.6 -6.6 -6.4 -6.3 -6.3 -6.3 -6.3 -6.2 -6.0 -6.0 -5.8 -5.8 -5.6
ligand_741 -8.0 -7.8 -7.8 -7.7 -7.6 -7.5 -7.4 -7.2 -7.2 -7.2 -7.1 -7.1 -7.0 -6.9 -6.9 -6.9 -6.7 -6.5 -6.5 -6.3
ligand_742 -7.8 -7.6 -7.2 -7.0 -6.9 -6.8 -6.6 -6.5 -6.5 -6.5 -6.5 -6.4 -6.3 -6.3 -6.2 -5.9 -5.7 -5.5 -5.4 -5.4
ligand_743 -7.2 -7.1 -6.8 -6.7 -6.6 -6.5 -6.4 -6.4 -6.4 -6.3 -6.2 -6.2 -6.1 -6.1 -6.1 -5.9 -5.8 -5.6 -5.6 -5.6
ligand_744 -6.8 -6.3 -6.1 -6.1 -6.1 -5.9 -5.8 -5.7 -5.7 -5.7 -5.4 -5.4 -5.2 -5.1 -5.1 -5.1 -5.0 -5.0 -5.0 -4.9
ligand_745 -8.8 -8.2 -8.1 -8.0 -7.7 -7.4 -7.4 -7.1 -7.1 -6.9 -6.8 -6.6 -6.5 -6.4 -6.0 -5.9 -5.8
ligand_746 -7.8 -7.5 -7.3 -6.8 -6.7 -6.7 -6.7 -6.6 -6.4 -6.2 -6.1 -5.8 -5.8 -5.7 -5.7 -5.7 -5.7 -5.7 -5.7 -5.6
ligand_747 -7.8 -7.7 -7.5 -7.1 -7.0 -7.0 -6.8 -6.8 -6.7 -6.6 -6.6 -6.6 -6.5 -6.3 -6.3 -6.1 -5.8 -5.8 -5.7 -5.7
ligand_748 -6.8 -6.7 -6.4 -6.3 -6.3 -6.2 -6.1 -6.1 -6.1 -6.0 -5.9 -5.8 -5.8 -5.8 -5.8 -5.5 -5.5 -5.4 -5.4 -5.2
ligand_749 -7.0 -6.5 -6.4 -6.4 -6.3 -6.2 -5.9 -5.7 -5.4 -5.4 -5.4 -5.3 -5.3 -5.3 -5.2 -5.2 -5.1 -5.1 -5.0 -4.9
ligand_75 -7.4 -7.4 -7.3 -7.0 -7.0 -6.9 -6.8 -6.7 -6.7 -6.6 -6.5 -6.5 -6.5 -6.4 -6.3 -6.3 -6.2 -6.2 -6.1 -6.1
ligand_750 -7.1 -7.0 -6.8 -6.8 -6.7 -6.7 -6.6 -6.4 -6.1 -6.0 -5.8 -5.6 -5.6 -5.5 -5.5 -5.5 -5.4 -5.3 -5.3 -5.3
ligand_751 -7.0 -6.8 -6.8 -6.8 -6.8 -6.7 -6.3 -6.3 -6.2 -6.1 -6.1 -6.0 -5.9 -5.9 -5.9 -5.8 -5.8 -5.5 -5.3 -5.3
ligand_752 -7.6 -7.3 -7.3 -7.0 -7.0 -6.8 -6.7 -6.5 -6.4 -6.4 -6.3 -6.2 -6.2 -6.1 -6.0 -5.9 -5.9 -5.8 -5.7 -5.7
ligand_753 -7.3 -7.1 -6.8 -6.2 -6.2 -5.9 -5.9 -5.9 -5.6 -5.5 -5.5 -5.5 -5.4 -5.3 -5.3 -5.2 -5.1 -5.1 -5.1 -4.9
ligand_754 -7.7 -7.5 -7.3 -7.1 -7.0 -6.8 -6.8 -6.8 -6.7 -6.6 -6.6 -6.6 -6.6 -6.1 -6.1 -6.0 -5.7 -5.7 -5.7 -5.6
ligand_755 -8.0 -7.3 -7.2 -7.0 -6.9 -6.7 -6.6 -6.6 -6.5 -6.3 -6.2 -5.9 -5.7 -5.7 -5.7 -5.6 -5.5 -5.4 -5.4 -5.3
ligand_756 -7.7 -7.3 -7.3 -6.9 -6.6 -6.5 -6.5 -6.5 -6.4 -6.4 -6.3 -6.3 -6.1 -6.0 -5.9 -5.9 -5.9 -5.8 -5.7 -5.7
ligand_757 -6.5 -6.3 -6.2 -6.1 -6.1 -5.9 -5.9 -5.9 -5.7 -5.7 -5.6 -5.5 -5.5 -5.4 -5.4 -5.3 -5.1 -5.1 -5.1 -5.0
ligand_758 -7.1 -6.9 -6.7 -6.6 -6.4 -6.3 -6.3 -6.2 -5.9 -5.9 -5.8 -5.6 -5.6 -5.4 -5.4 -5.2 -5.2 -5.2 -5.1 -5.0
ligand_759 -7.7 -7.7 -7.5 -7.4 -7.3 -7.3 -7.0 -6.9 -6.5 -6.4 -6.3 -6.3 -6.1 -6.1 -6.1 -6.0 -6.0 -5.9 -5.9 -5.7
ligand_76 -8.2 -7.6 -7.4 -7.3 -7.3 -7.2 -7.2 -7.2 -7.2 -6.7 -6.6 -6.6 -6.4 -6.4 -6.4 -6.4 -6.3 -6.2 -6.2 -6.2
ligand_760 -7.0 -6.8 -6.6 -6.4 -6.4 -6.3 -6.1 -6.0 -6.0 -5.9 -5.6 -5.4 -5.4 -5.4 -5.3 -5.3 -5.3 -5.3 -5.2 -5.2
ligand_761 -7.5 -7.2 -7.1 -7.0 -6.9 -6.9 -6.7 -6.4 -6.3 -6.3 -6.2 -6.1 -6.1 -6.0 -6.0 -5.9 -5.8 -5.7 -5.7
ligand_762 -7.2 -7.0 -6.5 -6.4 -6.3 -6.2 -6.1 -6.0 -6.0 -5.9 -5.8 -5.7 -5.7 -5.7 -5.4 -5.3 -5.3 -5.2 -5.1 -5.0
ligand_763 -7.3 -7.1 -7.1 -6.8 -6.6 -6.6 -6.6 -6.3 -6.3 -6.3 -6.2 -6.2 -6.0 -6.0 -5.9 -5.9 -5.8 -5.8 -5.6 -5.4
ligand_764 -7.7 -7.4 -7.2 -7.2 -7.1 -7.0 -6.8 -6.7 -6.6 -6.5 -6.4 -6.3 -6.2 -6.1 -6.0 -6.0 -5.9 -5.7 -5.7 -5.7
ligand_765 -8.0 -7.8 -7.7 -7.6 -7.5 -7.4 -7.2 -6.8 -6.8 -6.8 -6.7 -6.5 -6.2 -6.0 -5.9 -5.7 -5.7 -5.7 -5.4 -5.2
ligand_766 -7.9 -7.6 -7.5 -7.5 -7.4 -7.3 -7.0 -6.9 -6.9 -6.6 -6.5 -6.5 -6.5 -6.3 -5.9 -5.9 -5.8 -5.7 -5.7 -5.6
ligand_767 -7.9 -7.4 -7.4 -7.1 -6.9 -6.9 -6.9 -6.8 -6.6 -6.5 -6.3 -6.2 -6.2 -6.1 -6.0 -6.0 -5.9 -5.9 -5.8 -5.7
ligand_768 -6.8 -6.7 -6.5 -6.2 -6.2 -6.2 -6.2 -5.9 -5.8 -5.7 -5.7 -5.6 -5.5 -5.5 -5.3 -5.3 -5.1 -5.1 -5.1 -5.1
ligand_769 -7.5 -7.4 -7.3 -7.2 -7.1 -7.0 -6.9 -6.9 -6.4 -6.4 -6.4 -6.3 -6.1 -6.1 -6.1 -6.0 -5.8 -5.8 -5.8
ligand_77 -8.1 -7.7 -7.7 -7.5 -7.2 -7.1 -7.1 -7.0 -7.0 -6.8 -6.6 -6.6 -6.6 -6.5 -6.4 -6.3 -6.3 -6.2 -6.2 -6.1
ligand_770 -8.7 -8.0 -7.9 -7.8 -7.7 -7.3 -7.3 -7.3 -7.3 -7.2 -7.1 -7.1 -7.0 -6.7 -6.4 -6.4 -6.3 -6.3 -6.3 -6.3
ligand_771 -7.1 -6.6 -6.2 -6.1 -6.0 -5.9 -5.9 -5.7 -5.6 -5.6 -5.4 -5.4 -5.4 -5.3 -5.2 -5.1 -5.0 -5.0 -5.0 -4.8
ligand_772 -7.2 -7.2 -7.0 -6.9 -6.7 -6.6 -6.6 -6.1 -6.1 -6.1 -6.0 -6.0 -5.9 -5.8 -5.8 -5.7 -5.7 -5.6 -5.6 -5.5
ligand_773 -7.3 -6.7 -6.5 -6.4 -6.1 -6.1 -5.9 -5.8 -5.8 -5.8 -5.6 -5.5 -5.5 -5.4 -5.3 -5.2 -5.2 -5.1 -5.1 -5.0
ligand_774 -7.3 -7.3 -6.8 -6.8 -6.8 -6.6 -6.0 -6.0 -5.9 -5.8 -5.8 -5.7 -5.6 -5.3 -5.3 -5.3 -5.2 -5.2 -5.2 -5.1
ligand_775 -6.9 -6.7 -6.6 -6.5 -6.2 -6.2 -6.2 -6.0 -6.0 -5.9 -5.9 -5.8 -5.8 -5.4 -5.4 -5.3 -5.1 -5.1 -5.0 -5.0
ligand_776 -8.9 -8.3 -8.3 -8.1 -7.9 -7.7 -7.7 -7.6 -7.3 -7.0 -7.0 -6.8 -6.8 -6.6 -6.5 -6.4 -6.4 -6.4 -6.2 -6.1
ligand_777 -7.7 -7.5 -7.3 -7.3 -7.1 -7.0 -6.8 -6.5 -6.3 -6.2 -6.1 -6.1 -6.0 -5.8 -5.8 -5.8 -5.8 -5.6 -5.6 -5.5
ligand_778 -6.9 -6.6 -6.4 -6.4 -6.3 -6.3 -6.2 -6.1 -5.9 -5.9 -5.9 -5.8 -5.8 -5.6 -5.5 -5.5 -5.2 -5.2 -5.2 -5.0
ligand_779 -7.1 -7.0 -6.8 -6.6 -6.6 -6.6 -6.5 -6.4 -6.3 -6.0 -5.9 -5.9 -5.8 -5.8 -5.7 -5.7 -5.6 -5.3 -5.2 -5.2
ligand_78 -8.3 -7.9 -7.7 -7.3 -7.3 -6.8 -6.5 -6.4 -6.2 -6.2 -6.1 -6.0 -6.0 -5.9 -5.9 -5.8 -5.6 -5.6 -5.5 -5.4
ligand_780 -7.5 -7.5 -7.3 -7.3 -7.1 -7.1 -6.9 -6.7 -6.6 -6.4 -6.4 -6.3 -6.2 -6.1 -6.0 -5.9 -5.8 -5.8 -5.7 -5.7
ligand_781 -7.1 -6.9 -6.8 -6.4 -6.4 -6.4 -6.2 -6.0 -5.9 -5.8 -5.8 -5.8 -5.8 -5.8 -5.7 -5.5 -5.3 -5.3 -5.3 -5.2
ligand_782 -8.9 -8.5 -8.0 -7.9 -7.8 -7.6 -7.6 -7.5 -7.3 -7.1 -7.1 -7.0 -6.9 -6.9 -6.8 -6.7 -6.7 -6.7 -6.6 -6.5
ligand_783 -7.2 -6.7 -6.5 -6.4 -6.4 -6.2 -6.2 -6.1 -6.0 -5.9 -5.8 -5.7 -5.6 -5.4 -5.4 -5.3 -5.2 -5.2 -5.1 -5.1
ligand_784 -8.2 -8.1 -8.1 -8.0 -7.7 -7.6 -7.5 -7.3 -7.3 -7.3 -7.0 -6.8 -6.8 -6.8 -6.8 -6.7 -6.7 -6.6 -6.4 -6.2
ligand_785 -7.9 -7.5 -7.5 -7.2 -7.1 -6.7 -6.3 -6.2 -6.1 -6.1 -6.1 -6.1 -5.9 -5.9 -5.9 -5.9 -5.8 -5.8 -5.7 -5.6
ligand_786 -7.6 -7.0 -6.8 -6.7 -6.6 -6.5 -6.3 -6.3 -6.3 -6.2 -6.2 -6.1 -5.9 -5.7 -5.6 -5.6 -5.6 -5.4 -5.4 -5.3
ligand_787 -8.4 -7.9 -7.8 -7.8 -7.6 -7.4 -7.3 -7.2 -7.1 -7.0 -7.0 -6.9 -6.8 -6.8 -6.7 -6.7 -6.7 -6.7 -6.6 -6.4
ligand_788 -6.9 -6.8 -6.4 -6.2 -6.1 -6.0 -5.9 -5.9 -5.6 -5.6 -5.5 -5.5 -5.3 -5.2 -5.2 -5.2 -5.0 -5.0 -5.0 -4.7
ligand_789 -7.5 -7.5 -7.4 -7.4 -7.3 -7.1 -7.0 -7.0 -6.8 -6.8 -6.8 -6.7 -6.7 -6.7 -6.6 -6.5 -6.5 -6.4 -6.4 -6.3
ligand_79 -8.2 -7.4 -7.3 -7.0 -6.8 -6.8 -6.8 -6.8 -6.8 -6.7 -6.6 -6.6 -6.6 -6.5 -6.4 -6.4 -6.3 -6.0 -6.0 -6.0
ligand_790 -7.0 -6.9 -6.7 -6.4 -6.3 -6.3 -6.3 -6.1 -6.1 -6.1 -6.0 -6.0 -6.0 -5.8 -5.8 -5.7 -5.7 -5.7 -5.6 -5.5
ligand_791 -7.9 -7.7 -7.2 -7.1 -6.8 -6.6 -6.6 -6.4 -6.4 -6.2 -6.2 -6.2 -6.2 -6.0 -6.0 -5.9 -5.9 -5.8 -5.7 -5.6
ligand_792 -8.0 -7.7 -7.7 -7.7 -7.6 -7.2 -7.2 -7.1 -7.1 -6.9 -6.9 -6.8 -6.7 -6.6 -6.4 -6.3 -6.3 -6.1 -5.9 -5.8
ligand_793 -6.9 -6.8 -6.8 -6.7 -6.5 -6.0 -5.9 -5.9 -5.7 -5.6 -5.6 -5.4 -5.1 -4.9 -4.8 -4.8 -4.8 -4.7 -4.7 -4.6
ligand_794 -8.1 -7.9 -7.8 -7.7 -7.4 -7.3 -7.3 -6.9 -6.6 -6.5 -6.5 -6.5 -6.4 -6.3 -6.3 -6.2 -6.2 -5.9 -5.9 -5.8
ligand_795 -8.3 -8.0 -7.7 -7.6 -7.6 -7.4 -7.4 -7.2 -7.2 -7.2 -7.2 -7.1 -6.9 -6.9 -6.8 -6.6 -6.3 -6.0 -5.8 -5.7
ligand_796 -7.2 -7.1 -6.8 -6.8 -6.7 -6.7 -6.5 -6.4 -6.4 -6.2 -6.2 -6.2 -6.1 -6.1 -6.0 -6.0 -5.8 -5.8 -5.7 -5.7
ligand_797 -8.1 -8.1 -7.9 -7.6 -7.6 -7.5 -7.4 -7.2 -7.2 -7.1 -7.1 -7.0 -6.7 -6.7 -6.7 -6.7 -6.5 -6.4 -6.3 -6.3
ligand_798 -7.4 -7.3 -7.3 -7.2 -7.2 -7.2 -7.2 -7.0 -6.5 -6.3 -6.1 -6.1 -6.1 -6.1 -6.1 -6.1 -5.9 -5.8 -5.8 -5.6
ligand_799 -7.4 -7.3 -7.2 -6.7 -6.6 -6.5 -6.0 -6.0 -5.8 -5.7 -5.7 -5.6 -5.6 -5.5 -5.5 -5.4 -5.4 -5.3 -5.2 -5.0
ligand_8 -7.8 -7.7 -7.6 -7.5 -7.3 -7.3 -7.1 -7.1 -7.0 -7.0 -7.0 -7.0 -6.9 -6.9 -6.9 -6.9 -6.6 -6.5 -6.4 -6.1
ligand_80 -8.3 -8.0 -7.3 -7.2 -6.9 -6.8 -6.8 -6.5 -6.3 -6.2 -6.2 -6.1 -6.1 -6.1 -6.1 -6.1 -6.0 -5.9 -5.8 -5.7
ligand_800 -7.0 -6.8 -6.7 -6.5 -6.4 -6.3 -6.1 -5.8 -5.8 -5.7 -5.7 -5.6 -5.5 -5.5 -5.3 -5.2 -5.0 -4.9 -4.9 -4.9
ligand_801 -6.9 -6.9 -6.8 -6.7 -6.7 -6.7 -6.7 -6.6 -6.6 -6.4 -6.3 -6.1 -5.9 -5.9 -5.7 -5.7 -5.6 -5.5 -5.4 -5.3
ligand_802 -6.9 -6.3 -6.3 -6.1 -6.1 -6.0 -6.0 -5.9 -5.9 -5.8 -5.6 -5.6 -5.5 -5.5 -5.2 -5.2 -5.1 -5.0 -4.8 -4.8
ligand_803 -7.1 -7.1 -7.1 -7.1 -6.7 -6.4 -6.4 -6.4 -6.1 -6.1 -6.0 -6.0 -5.9 -5.8 -5.8 -5.6 -5.5 -5.4 -5.3 -4.9
ligand_804 -7.4 -7.3 -7.3 -7.1 -6.9 -6.8 -6.6 -6.5 -6.3 -6.2 -6.1 -6.1 -6.1 -5.8 -5.8 -5.7 -5.7 -5.7 -5.6 -5.5
ligand_805 -7.7 -7.6 -7.6 -7.4 -6.9 -6.9 -6.8 -6.7 -6.3 -6.3 -6.2 -5.9 -5.9 -5.8 -5.6 -5.6 -5.6 -5.4 -5.1 -5.1
ligand_806 -7.5 -7.5 -7.2 -7.1 -7.0 -7.0 -6.9 -6.8 -6.2 -6.0 -6.0 -6.0 -5.9 -5.7 -5.6 -5.6 -5.5 -5.4 -5.4 -5.3
ligand_807 -7.6 -7.6 -7.4 -6.8 -6.5 -6.3 -6.3 -6.2 -6.1 -6.0 -6.0 -5.7 -5.6 -5.5 -5.3 -5.2 -5.2 -5.2 -5.2 -5.0
ligand_808 -8.7 -8.2 -8.0 -7.8 -7.4 -7.4 -7.3 -6.9 -6.8 -6.8 -6.8 -6.7 -6.5 -6.5 -6.4 -6.3 -6.2 -6.2 -6.0 -5.9
ligand_809 -8.1 -8.0 -7.9 -7.8 -7.8 -7.8 -7.6 -7.5 -7.1 -7.1 -6.9 -6.8 -6.8 -6.8 -6.7 -6.6 -6.5 -6.4 -6.3 -6.2
ligand_81 -7.5 -7.4 -7.3 -7.3 -7.2 -7.0 -7.0 -6.8 -6.8 -6.8 -6.5 -6.4 -6.2 -6.2 -6.0 -6.0 -5.9 -5.9 -5.8 -5.7
ligand_810 -7.6 -7.4 -7.3 -7.2 -7.2 -7.1 -7.0 -6.8 -6.7 -6.3 -6.3 -6.2 -6.1 -6.1 -6.1 -6.0 -5.9 -5.9 -5.8 -5.8
ligand_811 -8.4 -7.7 -7.3 -7.2 -7.2 -7.2 -7.0 -7.0 -6.9 -6.9 -6.8 -6.7 -6.7 -6.7 -6.5 -6.5 -6.4 -6.3 -6.0 -5.8
ligand_812 -7.9 -7.5 -7.5 -7.4 -7.4 -7.4 -7.3 -7.0 -7.0 -7.0 -7.0 -6.9 -6.6 -6.6 -6.6 -6.5 -6.4 -6.2 -5.7 -5.6
ligand_813 -7.8 -7.3 -7.2 -7.2 -7.2 -7.2 -7.1 -6.9 -6.7 -6.7 -6.4 -6.4 -6.3 -6.2 -6.2 -6.2 -6.1 -6.0 -6.0 -5.8
ligand_814 -7.9 -7.5 -7.4 -7.3 -7.2 -7.2 -7.1 -6.5 -6.4 -6.4 -6.3 -6.3 -6.2 -6.1 -6.1 -6.0 -6.0 -6.0 -5.8 -5.7
ligand_815 -8.5 -8.3 -8.2 -8.0 -8.0 -8.0 -7.7 -7.6 -7.5 -7.4 -7.3 -7.2 -7.1 -7.0 -6.8 -6.7 -6.6 -6.6 -6.3 -6.1
ligand_816 -7.4 -7.0 -6.9 -6.8 -6.8 -6.7 -6.6 -6.6 -6.6 -6.5 -6.4 -6.4 -6.4 -6.3 -6.1 -6.1 -5.9 -5.9 -5.8
ligand_817 -6.9 -6.8 -6.7 -6.4 -6.2 -6.2 -5.9 -5.8 -5.6 -5.5 -5.5 -5.4 -5.2 -4.9 -4.9 -4.9 -4.8 -4.7 -4.7 -4.6
ligand_818 -7.1 -6.7 -6.3 -6.2 -6.2 -6.1 -5.8 -5.7 -5.7 -5.7 -5.5 -5.2 -5.2 -5.2 -5.1 -5.1 -5.1 -5.1 -5.0 -5.0
ligand_819 -7.1 -6.9 -6.3 -6.3 -6.2 -6.2 -6.1 -6.1 -6.0 -6.0 -6.0 -5.9 -5.8 -5.6 -5.6 -5.6 -5.4 -5.4 -5.3 -5.3
ligand_82 -7.4 -7.3 -7.2 -7.2 -7.1 -6.7 -6.6 -6.6 -6.5 -6.5 -6.4 -6.3 -6.2 -6.0 -6.0 -5.9 -5.8 -5.8 -5.7 -5.7
ligand_820 -8.0 -7.9 -7.5 -7.3 -7.1 -6.9 -6.8 -6.7 -6.7 -6.7 -6.6 -6.5 -6.4 -6.3 -6.2 -6.1 -6.1 -6.0 -5.9 -5.8
ligand_821 -8.0 -7.7 -7.7 -7.6 -7.5 -7.3 -7.2 -7.1 -7.0 -7.0 -7.0 -6.8 -6.5 -6.4 -6.3 -6.3 -6.3 -6.1 -5.9 -5.6
ligand_822 -7.9 -7.3 -7.1 -7.0 -6.9 -6.6 -6.6 -6.5 -6.5 -6.5 -6.4 -6.1 -6.1 -6.0 -6.0 -5.9 -5.9 -5.8 -5.7 -5.5
ligand_823 -7.7 -7.4 -7.2 -7.1 -7.1 -6.9 -6.9 -6.8 -6.6 -6.6 -6.4 -6.2 -6.1 -6.0 -6.0 -5.8 -5.8 -5.6 -5.6 -5.5
ligand_824 -7.9 -7.6 -7.5 -7.2 -7.1 -6.9 -6.7 -6.6 -6.5 -6.5 -6.4 -6.2 -5.8 -5.7 -5.7 -5.7 -5.7 -5.6 -5.6 -5.5
ligand_825 -7.0 -6.8 -6.4 -6.1 -6.1 -6.0 -5.9 -5.8 -5.7 -5.6 -5.5 -5.5 -5.5 -5.3 -5.3 -5.1 -5.1 -5.1 -5.0 -5.0
ligand_826 -7.7 -7.4 -7.2 -7.1 -7.0 -6.7 -6.7 -6.7 -6.5 -6.4 -6.4 -6.4 -6.3 -6.3 -6.3 -6.3 -6.2 -6.2 -6.1 -6.0
ligand_827 -7.1 -7.0 -6.9 -6.8 -6.7 -6.5 -6.3 -6.2 -6.2 -6.1 -6.0 -5.9 -5.8 -5.8 -5.7 -5.7 -5.6 -5.5 -5.5 -5.4
ligand_828 -7.1 -6.7 -6.4 -6.2 -6.2 -6.2 -6.1 -6.0 -6.0 -6.0 -5.9 -5.9 -5.8 -5.7 -5.5 -5.5 -5.5 -5.4 -5.3 -5.3
ligand_829 -7.7 -7.6 -7.3 -7.1 -7.0 -6.8 -6.6 -6.5 -6.4 -6.3 -6.1 -6.1 -6.0 -6.0 -5.9 -5.8 -5.6 -5.5 -5.5 -5.4
ligand_83 -8.0 -7.5 -7.3 -7.0 -6.9 -6.8 -6.8 -6.8 -6.8 -6.8 -6.7 -6.4 -6.4 -6.3 -6.2 -6.0 -5.9 -5.9 -5.9 -5.8
ligand_830 -7.9 -7.5 -7.5 -7.3 -7.2 -6.9 -6.8 -6.8 -6.6 -6.4 -6.3 -6.3 -6.0 -6.0 -5.9 -5.7 -5.7 -5.6 -5.6 -5.5
ligand_831 -7.7 -7.5 -7.4 -7.3 -7.2 -7.2 -7.1 -7.1 -6.9 -6.7 -6.7 -6.5 -6.5 -6.4 -6.3 -6.2 -6.2 -6.0 -5.9 -5.8
ligand_832 -7.3 -6.9 -6.6 -6.4 -6.4 -6.4 -6.4 -6.3 -6.1 -6.1 -6.1 -6.0 -5.8 -5.5 -5.5 -5.5 -5.5 -5.5 -5.4 -5.3
ligand_833 -8.3 -8.2 -8.0 -8.0 -7.9 -7.8 -7.8 -7.7 -7.4 -7.4 -7.0 -6.9 -6.9 -6.9 -6.8 -6.7 -6.4 -6.4 -6.3 -6.1
ligand_834 -7.0 -7.0 -6.7 -6.7 -6.6 -6.2 -6.0 -6.0 -5.8 -5.7 -5.3 -5.3 -5.2 -5.2 -5.1 -5.0 -5.0 -4.9 -4.8 -4.8
ligand_835 -6.7 -6.6 -6.5 -6.4 -6.2 -6.2 -6.2 -6.1 -6.1 -5.6 -5.6 -5.5 -5.2 -5.2 -5.2 -5.1 -5.1 -5.0 -5.0 -4.9
ligand_836 -7.3 -7.1 -7.0 -6.9 -6.8 -6.8 -6.8 -6.6 -6.6 -6.4 -6.3 -6.2 -6.1 -6.1 -5.9 -5.8 -5.8 -5.8 -5.7 -5.7
ligand_837 -7.6 -7.2 -7.2 -7.2 -7.2 -7.0 -7.0 -6.8 -6.7 -6.7 -6.6 -6.5 -6.4 -6.3 -6.2 -6.1 -5.9 -5.9 -5.9 -5.6
ligand_838 -7.8 -7.6 -7.5 -7.4 -7.4 -7.4 -7.2 -7.1 -6.9 -6.9 -6.8 -6.7 -6.7 -6.7 -6.5 -6.5 -6.3 -6.2 -6.2 -5.9
ligand_839 -6.9 -6.8 -6.7 -6.5 -6.4 -6.3 -6.1 -6.0 -6.0 -5.8 -5.7 -5.6 -5.5 -5.4 -5.4 -5.3 -5.2 -5.2 -5.1 -5.0
ligand_84 -7.5 -7.5 -7.4 -7.1 -6.9 -6.9 -6.9 -6.8 -6.6 -6.6 -6.5 -6.4 -6.3 -6.1 -6.1 -6.1 -5.9 -5.8 -5.8 -5.8
ligand_840 -7.2 -7.0 -6.9 -6.8 -6.7 -6.6 -6.4 -6.3 -6.2 -6.2 -6.0 -5.9 -5.8 -5.8 -5.8 -5.7 -5.6 -5.6 -5.4 -5.4
ligand_841 -7.5 -7.4 -7.3 -7.3 -7.2 -7.0 -7.0 -6.8 -6.6 -6.6 -6.5 -6.5 -6.2 -6.0 -6.0 -5.9 -5.9 -5.7 -5.5 -5.5
ligand_842 -7.1 -7.0 -7.0 -6.6 -6.6 -6.5 -6.5 -6.2 -6.0 -5.9 -5.7 -5.6 -5.5 -5.5 -5.5 -5.4 -5.4 -5.4 -5.3 -5.2
ligand_843 -7.1 -7.0 -6.7 -6.5 -6.1 -6.1 -6.1 -6.0 -5.7 -5.7 -5.7 -5.7 -5.6 -5.5 -5.5 -5.4 -5.3 -5.3 -5.3
ligand_844 -6.9 -6.9 -6.6 -6.6 -6.6 -6.5 -6.4 -6.4 -6.3 -6.3 -5.9 -5.8 -5.7 -5.5 -5.5 -5.3 -5.3 -5.3 -5.2 -5.2
ligand_845 -7.3 -7.2 -6.9 -6.9 -6.8 -6.8 -6.6 -6.5 -6.4 -6.1 -6.0 -5.9 -5.8 -5.8 -5.8 -5.6 -5.6 -5.5 -5.5 -5.4
ligand_846 -7.3 -6.8 -6.7 -6.6 -6.5 -6.4 -6.4 -6.4 -6.1 -6.1 -6.0 -6.0 -6.0 -5.9 -5.8 -5.7 -5.5 -5.5 -5.2 -5.2
ligand_847 -7.3 -6.9 -6.8 -6.7 -6.6 -6.4 -6.4 -6.3 -6.3 -6.2 -6.2 -6.1 -6.1 -6.0 -6.0 -5.9 -5.9 -5.8 -5.6 -5.6
ligand_848 -8.3 -8.0 -7.8 -7.6 -7.5 -7.3 -7.3 -7.0 -6.9 -6.8 -6.6 -6.6 -6.4 -6.4 -6.3 -6.3 -6.2 -6.1 -6.0 -6.0
ligand_849 -7.1 -6.9 -6.9 -6.7 -6.5 -6.4 -6.3 -6.3 -6.3 -6.2 -6.0 -6.0 -6.0 -6.0 -5.9 -5.9 -5.9 -5.7 -5.7 -5.7
ligand_85 -8.1 -7.8 -7.7 -7.5 -7.3 -7.3 -7.3 -7.2 -7.1 -6.9 -6.8 -6.8 -6.7 -6.7 -6.4 -6.4 -6.3 -6.3 -6.2 -6.1
ligand_850 -7.7 -7.4 -7.3 -7.1 -7.1 -7.0 -6.8 -6.7 -6.6 -6.5 -6.2 -6.1 -6.0 -6.0 -5.9 -5.9 -5.8 -5.8 -5.8 -5.7
ligand_851 -8.0 -7.8 -7.3 -7.2 -7.2 -7.0 -6.8 -6.7 -6.5 -6.4 -6.0 -6.0 -5.9 -5.8 -5.6 -5.5 -5.5 -5.5 -5.4 -5.4
ligand_852 -7.2 -7.0 -6.7 -6.7 -6.6 -6.6 -6.4 -6.3 -6.2 -6.2 -6.2 -6.0 -6.0 -5.9 -5.8 -5.7 -5.6 -5.6 -5.6 -5.4
ligand_853 -7.5 -7.4 -7.3 -6.9 -6.9 -6.5 -6.0 -6.0 -6.0 -6.0 -5.8 -5.7 -5.6 -5.3 -5.3 -5.2 -5.1 -5.1 -5.0 -5.0
ligand_854 -7.5 -7.3 -7.3 -7.1 -6.9 -6.4 -6.4 -6.4 -6.3 -6.2 -6.2 -6.1 -6.1 -6.0 -5.8 -5.7 -5.7 -5.7 -5.6 -5.5
ligand_855 -7.3 -7.1 -7.1 -6.9 -6.8 -6.8 -6.7 -6.7 -6.6 -6.3 -6.1 -6.0 -6.0 -5.6 -5.6 -5.4 -5.4 -5.2 -5.1 -5.0
ligand_856 -6.8 -6.8 -6.6 -6.5 -6.3 -6.0 -5.7 -5.6 -5.6 -5.6 -5.5 -5.5 -5.5 -5.3 -5.3 -5.1 -4.9 -4.8 -4.8 -4.7
ligand_857 -6.7 -6.3 -6.1 -6.0 -5.9 -5.9 -5.9 -5.9 -5.9 -5.8 -5.8 -5.8 -5.8 -5.7 -5.6 -5.5 -5.3 -5.2 -5.2 -5.1
ligand_858 -7.4 -7.4 -7.3 -7.2 -7.1 -6.9 -6.9 -6.8 -6.8 -6.7 -6.6 -6.3 -6.2 -6.0 -6.0 -5.9 -5.9 -5.9 -5.8 -5.8
ligand_859 -7.5 -7.0 -6.9 -6.8 -6.8 -6.7 -6.6 -6.5 -6.4 -6.3 -6.1 -6.1 -6.1 -6.0 -5.9 -5.9 -5.7 -5.7 -5.7 -5.6
ligand_86 -7.9 -7.9 -7.4 -7.2 -7.2 -7.1 -7.1 -6.9 -6.7 -6.6 -6.6 -6.6 -6.6 -6.5 -6.5 -6.4 -6.4 -6.4 -6.2 -6.2
ligand_860 -7.2 -7.0 -6.7 -6.6 -6.6 -6.6 -6.5 -6.4 -6.4 -6.3 -6.1 -6.0 -6.0 -6.0 -5.9 -5.9 -5.8 -5.8 -5.7 -5.6
ligand_861 -7.1 -6.8 -6.7 -6.6 -6.5 -6.2 -6.0 -6.0 -6.0 -5.9 -5.8 -5.5 -5.5 -5.5 -5.4 -5.2 -5.2 -5.1 -5.1 -5.0
ligand_862 -7.5 -7.1 -7.0 -6.9 -6.9 -6.8 -6.6 -6.5 -6.5 -6.2 -6.2 -6.0 -6.0 -5.8 -5.6 -5.5 -5.5 -5.5 -5.3 -5.2
ligand_863 -6.8 -6.5 -6.3 -6.3 -6.3 -6.2 -6.1 -5.9 -5.8 -5.5 -5.4 -5.4 -5.3 -5.2 -5.2 -5.2 -5.2 -5.1 -5.0 -4.9
ligand_864 -7.3 -7.2 -7.2 -7.2 -7.1 -7.0 -6.9 -6.9 -6.7 -6.5 -6.4 -6.2 -6.1 -6.1 -6.1 -5.9 -5.9 -5.9 -5.8 -5.8
ligand_865 -8.0 -7.8 -7.5 -7.1 -6.9 -6.8 -6.4 -6.4 -6.2 -6.2 -6.0 -6.0 -5.9 -5.9 -5.9 -5.9 -5.8 -5.7 -5.6 -5.5
ligand_866 -7.8 -7.7 -7.5 -7.4 -7.4 -7.3 -7.2 -7.0 -7.0 -7.0 -7.0 -6.8 -6.7 -6.5 -6.4 -6.3 -6.3 -6.2 -6.1 -6.0
ligand_867 -7.3 -6.8 -6.7 -6.7 -6.7 -6.5 -6.2 -6.0 -6.0 -5.8 -5.8 -5.7 -5.5 -5.4 -5.4 -5.4 -5.3 -5.3 -5.2 -5.0
ligand_868 -8.4 -8.3 -8.2 -8.1 -8.0 -7.7 -7.6 -7.5 -7.2 -7.2 -7.2 -7.1 -7.0 -6.8 -6.7 -6.5 -6.5 -6.4 -6.4 -6.3
ligand_869 -6.8 -6.7 -6.5 -6.4 -6.3 -6.0 -5.9 -5.8 -5.5 -5.4 -5.4 -5.3 -5.3 -5.2 -5.1 -5.1 -5.1 -5.0 -4.9 -4.9
ligand_87 -8.0 -7.7 -7.4 -7.2 -7.2 -7.1 -7.1 -7.1 -6.9 -6.7 -6.6 -6.6 -6.5 -6.4 -6.3 -6.2 -6.2 -6.2 -6.2 -6.0
ligand_870 -8.2 -7.5 -7.5 -7.2 -7.1 -7.0 -7.0 -6.8 -6.8 -6.7 -6.7 -6.7 -6.7 -6.6 -6.5 -6.4 -6.4 -6.2 -6.1 -6.0
ligand_871 -8.8 -8.4 -8.2 -7.9 -7.7 -7.7 -7.2 -7.2 -7.2 -7.1 -7.0 -7.0 -7.0 -7.0 -6.7 -6.4 -6.3 -6.3 -6.2 -6.1
ligand_872 -8.1 -7.9 -7.7 -7.5 -7.4 -7.3 -7.2 -7.1 -7.0 -7.0 -6.9 -6.9 -6.8 -6.8 -6.7 -6.7 -6.7 -6.6 -6.5 -6.5
ligand_873 -8.7 -8.2 -8.1 -7.9 -7.5 -7.2 -7.0 -7.0 -6.9 -6.8 -6.6 -6.5 -6.5 -6.4 -6.3 -6.2 -6.1 -6.1 -6.1 -6.1
ligand_874 -7.6 -7.4 -7.4 -7.3 -7.3 -7.2 -7.1 -7.1 -7.1 -6.9 -6.8 -6.8 -6.8 -6.8 -6.4 -6.4 -6.4 -6.4 -6.4 -6.3
ligand_875 -8.1 -7.9 -7.9 -7.5 -7.2 -7.0 -7.0 -6.7 -6.6 -6.4 -6.3 -6.3 -6.2 -6.1 -6.0 -5.8 -5.8 -5.8 -5.5 -5.5
ligand_876 -8.1 -8.0 -7.9 -7.8 -7.5 -7.4 -7.4 -7.3 -7.2 -7.1 -7.0 -7.0 -6.5 -6.3 -6.3 -6.2 -6.2 -6.1 -6.0 -5.7
ligand_877 -7.1 -6.9 -6.8 -6.8 -6.6 -6.5 -6.2 -6.2 -6.0 -5.9 -5.8 -5.8 -5.8 -5.7 -5.7 -5.7 -5.7 -5.6 -5.4 -5.4
ligand_878 -8.1 -7.7 -7.7 -7.5 -7.3 -7.3 -7.2 -6.9 -6.9 -6.8 -6.8 -6.7 -6.6 -6.4 -6.3 -6.3 -6.3 -6.2 -6.2 -6.0
ligand_879 -7.1 -6.8 -6.5 -6.5 -6.4 -6.3 -6.3 -6.1 -6.0 -6.0 -5.9 -5.9 -5.7 -5.6 -5.6 -5.6 -5.2 -5.1 -5.1 -5.0
ligand_88 -7.8 -7.6 -7.4 -6.7 -6.7 -6.7 -6.7 -6.6 -6.5 -6.5 -6.4 -6.4 -6.4 -6.3 -6.3 -6.2 -6.2 -6.0 -6.0
ligand_880 -7.9 -7.8 -7.8 -7.7 -7.6 -7.6 -7.5 -7.5 -7.3 -7.1 -6.9 -6.7 -6.6 -6.4 -6.4 -6.2 -6.1 -6.1 -6.0 -6.0
ligand_881 -8.4 -8.0 -7.8 -7.5 -7.4 -7.2 -7.2 -7.2 -7.0 -6.9 -6.8 -6.6 -6.6 -6.6 -6.5 -6.4 -6.4 -6.3 -6.2 -6.0
ligand_882 -8.5 -8.3 -8.0 -7.4 -7.4 -7.2 -7.1 -7.0 -7.0 -6.8 -6.8 -6.8 -6.6 -6.5 -6.4 -6.3 -6.1 -6.1 -6.1 -6.1
ligand_883 -8.4 -7.8 -7.6 -7.6 -7.5 -7.5 -7.5 -7.4 -7.2 -7.0 -6.8 -6.8 -6.7 -6.6 -6.5 -6.5 -6.4 -6.4 -6.3 -6.3
ligand_884 -8.2 -8.1 -8.0 -8.0 -7.9 -7.9 -7.4 -7.4 -7.3 -7.2 -7.1 -7.0 -7.0 -7.0 -6.9 -6.8 -6.8 -6.7 -6.5 -6.4
ligand_885 -7.1 -6.9 -6.9 -6.9 -6.8 -6.8 -6.7 -6.7 -6.6 -6.5 -6.4 -6.3 -6.3 -6.3 -6.0 -5.9 -5.9 -5.9 -5.9 -5.8
ligand_886 -8.5 -8.4 -8.3 -7.8 -7.6 -7.6 -7.6 -7.4 -7.3 -7.3 -7.1 -7.1 -7.0 -6.9 -6.9 -6.9 -6.5 -6.5 -6.3 -6.2
ligand_887 -7.9 -7.7 -7.6 -7.4 -7.0 -7.0 -7.0 -7.0 -6.9 -6.8 -6.7 -6.5 -6.3 -6.2 -6.2 -5.9 -5.9 -5.8 -5.8 -5.6
ligand_888 -7.1 -6.7 -6.6 -6.6 -6.4 -6.4 -5.9 -5.9 -5.9 -5.4 -5.3 -5.3 -5.3 -5.3 -5.3 -5.3 -5.2 -5.2 -5.2 -5.1
ligand_889 -7.5 -7.4 -7.4 -7.3 -7.3 -7.2 -7.2 -7.1 -7.1 -6.9 -6.8 -6.8 -6.7 -6.7 -6.7 -6.5 -6.5 -6.4 -6.2 -6.0
ligand_89 -8.0 -7.9 -7.4 -7.4 -7.3 -7.3 -7.3 -7.2 -7.0 -6.9 -6.9 -6.9 -6.9 -6.9 -6.7 -6.6 -6.5 -6.4 -6.2 -6.0
ligand_890 -7.8 -7.7 -7.7 -7.7 -7.5 -7.5 -7.4 -7.3 -7.2 -7.1 -7.0 -7.0 -6.9 -6.7 -6.6 -6.6 -6.5 -6.5 -6.5 -6.5
ligand_891 -6.9 -6.8 -6.7 -6.6 -6.6 -6.5 -6.4 -6.4 -6.3 -6.0 -6.0 -5.9 -5.9 -5.8 -5.8 -5.8 -5.7 -5.7 -5.6 -5.5
ligand_892 -7.3 -7.3 -7.2 -6.8 -6.8 -6.7 -6.7 -6.6 -6.5 -6.5 -6.3 -6.1 -6.1 -5.9 -5.8 -5.6 -5.5 -5.4 -5.4 -5.3
ligand_893 -7.5 -7.4 -7.3 -7.2 -7.2 -7.1 -7.0 -6.8 -6.8 -6.6 -6.5 -6.4 -6.3 -6.2 -6.2 -6.1 -6.0 -5.9 -5.8 -5.7
ligand_894 -8.1 -8.0 -7.9 -7.8 -7.7 -7.7 -7.5 -7.5 -7.5 -7.3 -7.2 -7.2 -7.1 -7.1 -7.0 -6.9 -6.8 -6.5 -6.4 -6.4
ligand_895 -8.7 -8.3 -8.1 -8.0 -7.9 -7.7 -7.4 -7.4 -7.3 -7.2 -7.1 -7.1 -7.0 -6.8 -6.7 -6.5 -6.3 -6.2 -6.2 -6.1
ligand_896 -7.8 -7.7 -7.5 -7.4 -7.1 -6.9 -6.8 -6.7 -6.6 -6.6 -6.5 -6.5 -6.3 -6.3 -6.2 -6.1 -6.1 -6.0 -6.0 -5.9
ligand_897 -7.7 -7.6 -7.4 -7.1 -6.9 -6.9 -6.7 -6.5 -6.5 -6.5 -6.4 -6.4 -6.3 -6.3 -6.3 -6.2 -6.2 -6.0 -6.0 -6.0
ligand_898 -8.8 -8.4 -8.2 -7.8 -7.8 -7.4 -7.4 -7.3 -7.0 -6.9 -6.8 -6.7 -6.6 -6.5 -6.5 -6.5 -6.3 -5.9
ligand_899 -8.5 -8.1 -8.1 -7.9 -7.9 -7.6 -7.5 -7.4 -7.3 -7.3 -6.8 -6.7 -6.7 -6.6 -6.6 -6.5 -6.5 -6.5 -6.4 -6.3
ligand_9 -7.5 -7.2 -7.1 -7.0 -6.8 -6.7 -6.5 -6.4 -6.4 -6.3 -6.3 -6.3 -6.3 -6.2 -6.2 -6.1 -6.1 -6.0 -6.0 -6.0
ligand_90 -8.6 -8.4 -7.6 -7.5 -7.4 -7.4 -7.1 -7.0 -7.0 -6.9 -6.9 -6.8 -6.6 -6.6 -6.6 -6.5 -6.5 -6.3 -6.3 -6.2
ligand_900 -6.9 -6.9 -6.6 -6.5 -6.3 -6.3 -6.3 -6.3 -6.2 -6.1 -6.1 -5.5 -5.5 -5.4 -5.3 -5.3 -5.3 -5.1 -5.1 -5.0
ligand_901 -6.9 -6.9 -6.8 -6.6 -6.5 -6.3 -6.3 -6.2 -6.1 -6.1 -6.0 -5.9 -5.7 -5.6 -5.6 -5.4 -5.4 -5.3 -5.3 -5.2
ligand_902 -6.8 -6.7 -6.2 -6.1 -6.1 -5.9 -5.9 -5.9 -5.8 -5.8 -5.7 -5.5 -5.4 -5.4 -5.2 -5.2 -5.1 -5.1 -5.0 -5.0
ligand_903 -7.2 -7.2 -7.1 -7.1 -6.7 -6.4 -6.3 -6.2 -6.2 -6.1 -6.1 -6.1 -6.1 -5.8 -5.7 -5.7 -5.7 -5.6 -5.6 -5.6
ligand_904 -7.5 -7.1 -7.0 -6.8 -6.7 -6.7 -6.6 -6.4 -6.2 -6.1 -6.1 -6.0 -6.0 -6.0 -6.0 -5.8 -5.8 -5.7 -5.6 -5.5
ligand_905 -7.6 -7.5 -7.4 -7.4 -7.4 -7.1 -7.1 -7.0 -7.0 -6.9 -6.7 -6.7 -6.7 -6.6 -6.6 -6.6 -6.6 -6.4 -6.4 -6.3
ligand_906 -7.4 -7.4 -7.4 -7.4 -7.3 -7.0 -7.0 -7.0 -6.8 -6.8 -6.8 -6.7 -6.7 -6.7 -6.7 -6.6 -6.5 -6.3 -6.2 -6.1
ligand_907 -7.8 -7.4 -6.9 -6.6 -6.4 -6.3 -6.2 -5.9 -5.8 -5.7 -5.6 -5.6 -5.6 -5.6 -5.3 -5.2 -5.1 -5.1 -5.0 -4.8
ligand_908 -7.9 -7.4 -7.3 -6.8 -6.8 -6.5 -6.4 -6.3 -6.2 -6.1 -6.0 -6.0 -5.9 -5.9 -5.9 -5.8 -5.8 -5.6 -5.4 -5.3
ligand_909 -7.8 -7.7 -7.1 -7.0 -6.9 -6.9 -6.8 -6.8 -6.7 -6.6 -6.6 -6.6 -6.4 -6.4 -6.2 -6.2 -6.0 -6.0 -5.9 -5.9
ligand_91 -8.4 -8.4 -7.9 -7.6 -7.4 -7.3 -7.1 -7.0 -6.8 -6.8 -6.6 -6.6 -6.6 -6.4 -6.4 -6.3 -6.2 -6.2 -6.2 -6.1
ligand_910 -6.5 -6.2 -6.2 -6.0 -6.0 -6.0 -5.9 -5.9 -5.8 -5.5 -5.5 -5.4 -5.3 -5.3 -5.3 -5.2 -5.1 -5.0 -4.9 -4.9
ligand_911 -7.4 -7.4 -7.3 -7.1 -7.0 -7.0 -6.7 -6.6 -6.5 -6.5 -6.3 -6.2 -6.1 -6.1 -5.9 -5.9 -5.9 -5.8 -5.7 -5.6
ligand_912 -8.4 -7.9 -7.5 -7.3 -7.3 -7.2 -7.1 -6.9 -6.8 -6.8 -6.6 -6.5 -6.5 -6.4 -6.2 -6.2 -6.1 -6.0 -6.0 -6.0
ligand_913 -7.6 -7.6 -7.3 -7.1 -7.1 -7.1 -6.8 -6.7 -6.6 -6.5 -6.4 -6.3 -6.2 -6.1 -6.0 -6.0 -6.0 -5.9 -5.8 -5.7
ligand_914 -7.7 -7.5 -7.4 -7.2 -7.1 -6.9 -6.7 -6.6 -6.4 -6.4 -6.3 -6.2 -6.2 -6.1 -6.0 -5.9 -5.9 -5.9 -5.8 -5.8
ligand_915 -7.6 -7.6 -7.6 -7.3 -7.0 -6.9 -6.8 -6.6 -6.6 -6.5 -6.4 -6.3 -6.3 -5.9 -5.9 -5.9 -5.7 -5.5 -5.5 -5.4
ligand_916 -7.7 -7.5 -7.1 -7.0 -6.9 -6.9 -6.8 -6.7 -6.7 -6.5 -6.2 -6.1 -6.1 -6.0 -5.8 -5.8 -5.7 -5.7 -5.7 -5.7
ligand_917 -8.1 -7.7 -7.7 -7.2 -7.0 -6.8 -6.8 -6.6 -6.6 -6.2 -5.9 -5.9 -5.9 -5.9 -5.7 -5.7 -5.6 -5.5 -5.4 -5.4
ligand_918 -8.7 -8.4 -8.2 -8.1 -8.0 -7.8 -7.6 -7.5 -7.4 -7.3 -7.2 -7.0 -6.9 -6.6 -6.5 -6.4 -6.3 -6.3 -6.2 -6.2
ligand_919 -8.8 -8.6 -8.6 -8.0 -7.8 -7.4 -7.0 -7.0 -7.0 -6.7 -6.7 -6.5 -6.5 -6.4 -6.3 -6.1 -6.1 -5.8 -5.8 -5.8
ligand_92 -9.3 -9.0 -8.5 -8.2 -8.0 -7.6 -7.5 -7.3 -7.3 -7.2 -7.1 -6.9 -6.9 -6.8 -6.8 -6.7 -6.6 -6.5 -6.5 -6.4
ligand_920 -8.9 -8.3 -8.3 -8.1 -8.1 -7.8 -7.5 -7.5 -7.3 -7.3 -7.2 -7.2 -7.0 -7.0 -7.0 -6.2 -6.2 -6.1 -5.9 -5.9
ligand_921 -8.8 -8.7 -8.4 -8.3 -8.2 -7.8 -7.6 -7.4 -7.3 -7.3 -7.3 -7.3 -7.3 -7.1 -6.9 -6.9 -6.7 -6.4 -6.3 -6.2
ligand_922 -9.0 -8.7 -8.7 -8.3 -8.0 -7.5 -7.5 -7.4 -7.4 -7.4 -7.0 -6.8 -6.7 -6.5 -6.5 -6.4 -6.4 -6.4 -6.2 -6.2
ligand_923 -8.5 -8.0 -7.9 -7.7 -7.5 -7.1 -6.4 -6.4 -6.2 -6.1 -5.9 -5.9 -5.8 -5.6 -5.6
ligand_924 -7.9 -7.8 -7.7 -7.7 -7.3 -7.2 -7.2 -7.0 -7.0 -6.8 -6.7 -6.5 -6.5 -6.4 -6.4 -6.4 -6.1 -6.1 -6.0 -5.9
ligand_925 -8.2 -8.0 -7.9 -7.8 -7.6 -7.5 -7.3 -7.2 -6.9 -6.8 -6.7 -6.7 -6.6 -6.6 -6.4 -6.4 -6.4 -6.2 -6.1 -6.1
ligand_926 -8.2 -8.0 -7.9 -7.8 -7.6 -7.2 -7.1 -7.0 -7.0 -6.8 -6.7 -6.5 -6.4 -6.4 -6.4 -6.2 -6.1 -6.0 -5.9 -5.7
ligand_927 -8.1 -8.1 -8.0 -7.9 -7.9 -7.8 -7.7 -7.7 -7.6 -7.6 -7.5 -7.4 -7.4 -7.2 -7.2 -7.0 -7.0 -7.0 -6.9 -6.8
ligand_928 -7.8 -7.8 -7.7 -7.4 -7.2 -7.1 -7.1 -7.0 -6.9 -6.7 -6.7 -6.5 -6.5 -6.4 -6.3 -6.2 -5.9 -5.8 -5.8 -5.8
ligand_929 -7.1 -7.1 -6.9 -6.8 -6.7 -6.6 -6.6 -6.6 -6.6 -6.6 -6.6 -6.5 -6.5 -6.5 -6.4 -6.3 -6.3 -6.3 -6.3 -6.2
ligand_93 -8.4 -8.4 -8.3 -8.3 -8.2 -8.2 -8.0 -8.0 -7.8 -7.8 -7.6 -7.6 -7.5 -7.3 -7.3 -7.2 -7.1 -6.8 -6.8 -6.7
ligand_930 -6.6 -6.6 -6.5 -6.5 -6.3 -6.3 -6.2 -6.1 -6.1 -6.0 -6.0 -6.0 -6.0 -5.9 -5.8 -5.8 -5.7 -5.7 -5.5 -5.5
ligand_931 -7.8 -7.7 -7.4 -7.3 -7.2 -7.2 -7.0 -6.9 -6.9 -6.8 -6.7 -6.6 -6.4 -6.2 -6.2 -6.1 -6.1 -6.1 -6.1 -6.0
ligand_932 -8.0 -7.9 -7.9 -7.6 -7.4 -7.3 -7.3 -7.0 -6.9 -6.9 -6.8 -6.8 -6.8 -6.7 -6.7 -6.6 -6.6 -6.4 -6.4 -6.4
ligand_933 -7.9 -7.9 -7.8 -7.6 -7.5 -7.5 -7.4 -7.3 -7.3 -7.3 -7.0 -6.9 -6.6 -6.4 -6.4 -6.4 -6.2 -6.2 -6.1 -6.0
ligand_934 -7.9 -7.9 -7.9 -7.7 -7.6 -7.6 -7.6 -7.5 -7.3 -7.2 -7.2 -7.2 -7.2 -7.1 -7.1 -6.9 -6.8 -6.8 -6.7 -6.7
ligand_935 -7.9 -7.8 -7.2 -7.1 -7.1 -7.0 -6.9 -6.8 -6.8 -6.8 -6.7 -6.6 -6.5 -6.4 -6.4 -6.3 -6.3 -6.2 -6.2 -6.0
ligand_936 -8.3 -7.9 -7.7 -7.6 -7.6 -7.5 -7.5 -7.4 -7.2 -7.1 -7.0 -7.0 -6.9 -6.8 -6.8 -6.8 -6.8 -6.7 -6.7 -6.6
ligand_937 -7.9 -7.7 -7.6 -7.6 -7.5 -7.5 -7.4 -7.4 -7.3 -7.3 -7.2 -7.1 -7.0 -6.9 -6.9 -6.9 -6.8 -6.5 -6.4 -6.4
ligand_938 -8.0 -7.9 -7.6 -7.6 -7.5 -7.5 -7.2 -7.2 -7.1 -7.1 -7.1 -7.0 -7.0 -6.9 -6.8 -6.7 -6.7 -6.6 -6.6 -6.6
ligand_939 -7.9 -7.7 -7.6 -7.6 -7.4 -7.4 -7.2 -6.9 -6.9 -6.8 -6.8 -6.8 -6.8 -6.7 -6.5 -6.5 -6.5 -6.3 -6.2 -6.0
ligand_94 -8.5 -8.4 -8.3 -8.3 -8.2 -8.2 -7.8 -7.8 -7.7 -7.6 -7.6 -7.6 -7.3 -7.2 -7.2 -7.2 -7.1 -7.0 -7.0 -7.0
ligand_940 -7.9 -7.7 -7.6 -7.3 -7.3 -7.3 -7.2 -7.2 -7.2 -7.0 -6.6 -6.5 -6.4 -6.4 -6.4 -6.3 -6.3 -6.2 -6.2 -6.0
ligand_941 -7.9 -7.9 -7.7 -7.6 -7.4 -7.4 -7.3 -7.1 -7.0 -7.0 -6.9 -6.9 -6.8 -6.8 -6.7 -6.7 -6.6 -6.5 -6.5 -6.4
ligand_942 -8.0 -7.9 -7.7 -7.6 -7.5 -7.5 -7.3 -7.2 -7.1 -7.1 -7.1 -7.1 -7.0 -6.9 -6.7 -6.6 -6.6 -6.5 -6.4 -6.2
ligand_943 -8.0 -7.9 -7.6 -7.6 -7.6 -7.4 -7.3 -7.2 -7.0 -7.0 -6.9 -6.9 -6.8 -6.8 -6.7 -6.7 -6.5 -6.4 -6.3 -6.1
ligand_944 -7.9 -7.7 -7.7 -7.7 -7.6 -7.5 -7.5 -7.4 -7.2 -7.1 -7.1 -7.0 -6.9 -6.9 -6.8 -6.7 -6.7 -6.5 -6.5 -6.4
ligand_945 -7.9 -7.9 -7.8 -7.7 -7.6 -7.6 -7.5 -7.5 -7.3 -7.3 -7.3 -7.3 -6.9 -6.8 -6.7 -6.7 -6.6 -6.5 -6.5 -6.5
ligand_946 -7.9 -7.7 -7.4 -7.4 -7.2 -7.1 -6.9 -6.8 -6.6 -6.6 -6.5 -6.5 -6.5 -6.5 -6.4 -6.2 -6.2 -6.2 -6.1 -6.0
ligand_947 -7.9 -7.8 -7.4 -7.4 -7.3 -7.3 -7.3 -7.2 -7.1 -6.9 -6.9 -6.8 -6.6 -6.2 -6.2 -6.0 -6.0 -6.0 -5.8 -5.6
ligand_948 -8.0 -7.9 -7.9 -7.7 -7.5 -7.3 -7.3 -7.2 -7.2 -7.0 -6.9 -6.8 -6.6 -6.5 -6.5 -6.3 -6.2 -6.1 -6.0 -6.0
ligand_949 -8.1 -7.8 -7.8 -7.8 -7.8 -7.6 -7.5 -7.5 -7.3 -7.0 -7.0 -6.9 -6.8 -6.6 -6.6 -6.6 -6.5 -6.4 -6.1 -6.1
ligand_95 -7.5 -7.2 -7.0 -7.0 -6.9 -6.8 -6.7 -6.7 -6.6 -6.4 -6.4 -6.3 -6.3 -6.3 -6.3 -6.1 -6.0 -6.0 -6.0 -5.8
ligand_950 -7.8 -7.7 -7.4 -7.3 -7.2 -7.1 -7.0 -6.9 -6.8 -6.5 -6.4 -6.2 -6.1 -6.1 -6.0 -6.0 -5.9 -5.8 -5.7 -5.6
ligand_951 -8.0 -8.0 -7.4 -7.4 -7.4 -7.3 -7.3 -7.1 -7.1 -6.9 -6.7 -6.7 -6.7 -6.7 -6.6 -6.5 -6.4 -6.3 -6.1 -6.1
ligand_952 -8.4 -7.5 -7.1 -7.0 -6.8 -6.6 -6.5 -6.4 -6.3 -6.0 -6.0 -5.9 -5.9 -5.7 -5.7 -5.7 -5.7 -5.7 -5.5
ligand_953 -6.9 -6.7 -6.7 -6.7 -6.5 -6.2 -6.2 -6.0 -5.9 -5.9 -5.8 -5.8 -5.7 -5.7 -5.6 -5.6 -5.6 -5.5 -5.3 -5.2
ligand_954 -7.5 -7.3 -7.2 -7.1 -7.0 -6.9 -6.9 -6.9 -6.9 -6.9 -6.8 -6.7 -6.5 -6.5 -6.4 -6.3 -6.2 -6.2 -6.1 -6.0
ligand_955 -7.7 -7.6 -7.2 -7.1 -7.1 -7.1 -7.1 -7.1 -7.0 -6.9 -6.7 -6.5 -6.4 -6.3 -6.3 -6.2 -6.1 -6.1 -5.9 -5.9
ligand_956 -7.8 -7.6 -7.4 -7.2 -7.1 -7.0 -7.0 -7.0 -7.0 -6.9 -6.8 -6.8 -6.7 -6.6 -6.5 -6.4 -6.4 -6.3 -6.3 -6.1
ligand_957 -7.5 -7.5 -7.4 -7.2 -7.2 -7.1 -7.1 -6.9 -6.9 -6.6 -6.5 -6.5 -6.4 -6.2 -5.9 -5.9 -5.8 -5.8 -5.6 -5.5
ligand_958 -7.6 -7.4 -7.4 -7.2 -7.2 -7.2 -7.1 -7.0 -6.9 -6.9 -6.9 -6.8 -6.7 -6.6 -6.5 -6.4 -6.3 -6.2 -6.1 -5.9
ligand_959 -8.1 -8.0 -7.7 -7.6 -7.5 -7.3 -7.3 -7.1 -7.0 -6.9 -6.7 -6.7 -6.7 -6.6 -6.5 -6.5 -6.4 -6.4 -6.4 -6.3
ligand_96 -7.6 -7.4 -7.2 -6.9 -6.8 -6.6 -6.6 -6.6 -6.5 -6.4 -6.1 -5.8 -5.8 -5.8 -5.8 -5.8 -5.7 -5.6 -5.6 -5.4
ligand_960 -7.9 -7.9 -7.5 -7.5 -7.3 -7.3 -7.1 -7.1 -7.1 -7.0 -6.9 -6.9 -6.9 -6.9 -6.8 -6.7 -6.7 -6.6 -6.6 -6.5
ligand_961 -7.5 -7.4 -7.3 -7.3 -7.2 -7.2 -7.1 -7.0 -6.9 -6.5 -6.4 -6.4 -6.3 -6.2 -6.2 -6.1 -6.1 -6.1 -6.1 -6.0
ligand_962 -7.7 -7.5 -7.4 -7.4 -7.2 -7.2 -6.9 -6.9 -6.9 -6.8 -6.8 -6.8 -6.8 -6.8 -6.7 -6.5 -6.4 -6.4 -6.3 -6.2
ligand_963 -7.7 -7.7 -7.6 -7.3 -7.3 -7.2 -7.1 -7.1 -7.1 -7.0 -7.0 -6.9 -6.8 -6.8 -6.8 -6.7 -6.7 -6.7 -6.6 -6.6
ligand_964 -7.6 -7.5 -7.5 -7.3 -7.3 -7.2 -7.2 -6.8 -6.8 -6.8 -6.7 -6.6 -6.6 -6.6 -6.5 -6.4 -6.3 -6.2 -6.2 -5.9
ligand_965 -7.5 -7.4 -7.4 -7.2 -7.1 -7.1 -7.0 -7.0 -6.8 -6.8 -6.6 -6.5 -6.5 -6.4 -6.2 -6.2 -6.2 -6.2 -6.1 -6.1
ligand_966 -7.6 -7.4 -7.4 -7.2 -7.0 -6.9 -6.8 -6.8 -6.8 -6.8 -6.7 -6.6 -6.5 -6.5 -6.5 -6.4 -6.4 -6.3 -6.1 -6.0
ligand_967 -8.4 -8.2 -8.0 -7.6 -7.6 -7.4 -7.3 -7.1 -7.0 -6.9 -6.8 -6.7 -6.7 -6.6 -6.6 -6.5 -6.5 -6.4 -6.4 -6.4
ligand_968 -8.4 -8.0 -7.6 -7.5 -7.3 -7.3 -7.0 -6.8 -6.8 -6.8 -6.7 -6.7 -6.7 -6.6 -6.4 -6.4 -6.3 -6.3 -6.3 -6.2
ligand_969 -7.7 -7.5 -7.5 -7.5 -7.3 -7.1 -6.9 -6.8 -6.8 -6.6 -6.4 -6.4 -6.4 -6.3 -6.3 -6.2 -6.1 -6.1 -6.0 -5.9
ligand_97 -7.6 -7.6 -7.3 -6.9 -6.9 -6.7 -6.5 -6.5 -6.3 -6.2 -6.2 -6.1 -6.1 -6.0 -6.0 -6.0 -5.9 -5.9 -5.7 -5.6
ligand_970 -7.7 -7.4 -7.1 -7.0 -6.8 -6.8 -6.7 -6.7 -6.6 -6.3 -6.3 -6.2 -6.2 -6.1 -6.0 -5.9 -5.8 -5.7 -5.7 -5.6
ligand_971 -7.7 -7.7 -7.6 -7.5 -7.3 -7.3 -7.1 -7.1 -7.1 -7.0 -6.9 -6.6 -6.6 -6.6 -6.6 -6.6 -6.6 -6.5 -6.5 -6.5
ligand_972 -7.8 -7.6 -7.6 -7.4 -7.3 -7.3 -7.2 -6.9 -6.9 -6.8 -6.8 -6.7 -6.7 -6.6 -6.6 -6.6 -6.5 -6.5 -6.4 -6.3
ligand_973 -7.6 -7.4 -7.2 -7.0 -6.9 -6.8 -6.8 -6.7 -6.6 -6.6 -6.6 -6.4 -6.4 -6.4 -6.3 -6.3 -6.2 -6.1 -6.1 -6.0
ligand_974 -7.7 -7.5 -7.2 -7.0 -7.0 -6.9 -6.9 -6.8 -6.7 -6.7 -6.6 -6.6 -6.6 -6.4 -6.4 -6.2 -6.2 -6.1 -6.0 -5.8
ligand_975 -7.5 -7.4 -7.3 -7.3 -7.0 -7.0 -6.9 -6.9 -6.8 -6.8 -6.6 -6.3 -6.2 -6.2 -6.0 -6.0 -5.8 -5.7 -5.7 -5.5
ligand_976 -7.5 -7.4 -7.3 -7.2 -7.2 -7.0 -7.0 -6.9 -6.9 -6.8 -6.8 -6.8 -6.7 -6.6 -6.5 -6.5 -6.5 -6.5 -6.4 -6.2
ligand_977 -7.6 -7.4 -7.4 -7.3 -7.2 -7.1 -7.1 -6.9 -6.9 -6.6 -6.6 -6.6 -6.4 -6.4 -6.2 -6.1 -6.1 -6.0 -6.0 -5.9
ligand_978 -7.6 -7.4 -7.3 -7.2 -7.1 -7.1 -6.8 -6.7 -6.7 -6.7 -6.7 -6.6 -6.6 -6.6 -6.5 -6.5 -6.3 -6.3 -6.2 -6.2
ligand_979 -10.0 -8.9 -8.4 -8.1 -7.8 -7.5 -7.4 -7.4 -7.3 -7.3 -7.0
ligand_98 -7.7 -7.6 -7.5 -7.4 -7.3 -7.0 -6.9 -6.8 -6.8 -6.8 -6.7 -6.6 -6.3 -6.1 -6.1 -6.1 -6.0 -5.9 -5.8 -5.8
ligand_980 -10.0 -8.3 -8.1 -8.0 -7.6 -7.5 -7.5 -7.5 -7.5 -7.4 -7.3 -7.2 -7.2 -7.2 -7.1 -7.1
ligand_981 -8.2 -7.8 -7.8 -7.5 -7.2 -7.2 -7.0 -6.9 -6.8 -6.7 -6.7 -6.5 -6.4 -6.4 -6.3 -6.2 -6.1 -6.0 -5.9 -5.8
ligand_982 -7.0 -6.9 -6.8 -6.7 -6.6 -6.5 -6.3 -6.1 -6.1 -6.1 -5.9 -5.8 -5.7 -5.6 -5.6 -5.5 -5.5 -5.2 -5.2 -5.2
ligand_983 -8.9 -8.9 -8.9 -8.8 -8.5 -8.5 -8.4 -8.1 -8.0 -7.9 -7.9 -7.9 -7.8 -7.7 -7.6 -7.4 -7.2 -7.2 -7.2 -7.1
ligand_984 -7.9 -7.6 -7.5 -7.5 -7.2 -7.2 -7.2 -7.1 -6.9 -6.9 -6.9 -6.7 -6.4 -6.4 -6.3 -6.2 -6.2 -6.1 -6.0 -5.9
ligand_985 -8.0 -7.9 -7.8 -7.8 -7.7 -7.6 -7.6 -7.6 -7.5 -7.2 -7.1 -7.1 -7.1 -7.0 -6.6 -6.6 -6.5 -6.5 -6.5 -6.4
ligand_986 -8.1 -8.0 -8.0 -8.0 -7.8 -7.8 -7.8 -7.7 -7.4 -7.4 -7.3 -7.1 -6.9 -6.8 -6.8 -6.8 -6.7 -6.5 -6.4 -6.4
ligand_987 -8.5 -8.4 -7.7 -7.7 -7.6 -7.2 -7.1 -6.9 -6.9 -6.7 -6.5 -6.4 -6.4 -6.1 -6.1 -6.1 -6.1 -6.0 -6.0 -5.8
ligand_988 -8.6 -7.8 -7.5 -7.4 -7.2 -6.9 -6.9 -6.8 -6.7 -6.6 -6.5 -6.5 -6.5 -6.4 -6.4 -6.3 -6.2 -6.2 -6.1 -6.0
ligand_989 -8.6 -8.2 -8.1 -7.3 -7.3 -7.3 -7.0 -7.0 -6.9 -6.6 -6.6 -6.4 -6.4 -6.3 -6.3 -6.2 -6.1 -6.1 -6.0 -6.0
ligand_99 -7.8 -7.5 -7.0 -7.0 -6.9 -6.6 -6.4 -6.4 -6.4 -6.3 -6.2 -6.2 -6.0 -6.0 -5.9 -5.9 -5.7 -5.7 -5.6 -5.5
ligand_990 -7.8 -7.5 -7.5 -7.3 -7.1 -6.9 -6.8 -6.8 -6.8 -6.8 -6.7 -6.6 -6.6 -6.4 -6.4 -6.4 -6.3 -6.3 -6.3 -6.2
ligand_991 -8.8 -8.2 -7.4 -7.2 -7.2 -7.1 -6.9 -6.8 -6.8 -6.8 -6.8 -6.7 -6.6 -6.6 -6.6 -6.5 -6.5 -6.4 -6.4 -6.3
ligand_992 -8.8 -8.2 -7.3 -7.3 -7.2 -7.0 -7.0 -7.0 -7.0 -6.8 -6.8 -6.8 -6.7 -6.7 -6.6 -6.6 -6.6 -6.6 -6.4 -6.4
ligand_993 -7.5 -7.4 -7.3 -7.0 -6.9 -6.7 -6.7 -6.7 -6.6 -6.5 -6.5 -6.5 -6.4 -6.3 -6.3 -6.2 -6.1 -6.0 -5.9 -5.9
ligand_994 -7.5 -7.4 -7.4 -7.0 -7.0 -6.9 -6.7 -6.7 -6.7 -6.5 -6.1 -6.0 -6.0 -6.0 -5.9 -5.7 -5.6 -5.6 -5.6 -5.6
ligand_995 -7.4 -7.3 -6.9 -6.7 -6.6 -6.6 -6.6 -6.5 -6.2 -6.2 -6.2 -6.1 -6.1 -6.1 -6.0 -5.9 -5.9 -5.8 -5.8 -5.6
ligand_996 -7.8 -7.4 -7.1 -6.8 -6.8 -6.7 -6.4 -6.4 -6.3 -6.2 -6.2 -6.2 -6.1 -6.1 -6.0 -6.0 -6.0 -6.0 -5.9 -5.9
ligand_997 -8.1 -8.1 -8.0 -7.5 -7.4 -7.2 -7.1 -7.0 -6.9 -6.9 -6.8 -6.8 -6.6 -6.2 -6.0 -6.0 -5.9 -5.6 -5.6 -5.5
ligand_998 -8.0 -7.7 -7.6 -7.5 -7.4 -7.3 -7.3 -7.2 -7.0 -6.9 -6.9 -6.7 -6.7 -6.6 -6.6 -6.5 -6.5 -6.5 -6.3 -6.3
ligand_999 -8.3 -8.2 -8.2 -7.8 -7.8 -7.7 -7.6 -7.6 -7.5 -7.4 -7.1 -7.0 -6.7 -6.7 -6.6 -6.5 -6.3 -6.2 -6.1 -6.1
