ligand_1132 -7.6 -7.4 -7.3 -7.2 -7.1 -7.0 -6.8 -6.7 -6.7 -6.5 -6.4 -6.3 -6.3 -5.5 -5.5 -5.2 -5.2 -4.8 -4.7
ligand_1133 -7.6 -7.5 -7.3 -7.1 -6.8 -6.3 -6.2 -6.2 -6.1 -6.1 -6.0 -5.8 -5.8 -5.8 -5.8 -5.7 -5.6 -5.5 -5.5 -5.5
ligand_1134 -7.1 -7.1 -7.0 -6.8 -6.7 -6.7 -6.7 -6.6 -6.3 -5.7 -5.7 -5.7 -5.5 -5.5 -5.4 -5.4 -5.3 -5.2 -5.2 -5.2
ligand_1135 -8.1 -7.9 -7.7 -7.5 -7.4 -7.3 -7.3 -7.2 -7.1 -6.9 -6.9 -6.8 -6.7 -6.6 -6.3 -6.1 -6.1 -6.0 -5.9 -5.9
ligand_1136 -7.6 -7.3 -7.3 -7.2 -6.9 -6.8 -6.7 -6.6 -6.6 -6.5 -6.4 -6.3 -6.1 -6.1 -6.1 -6.1 -5.9 -5.8 -5.8 -5.5
ligand_1137 -7.1 -7.1 -7.0 -7.0 -6.9 -6.8 -6.5 -6.4 -6.4 -6.3 -6.1 -6.1 -5.8 -5.8 -5.7 -5.6 -5.5 -5.5 -5.5 -5.5
ligand_1138 -7.2 -6.9 -6.8 -6.8 -6.4 -6.3 -6.2 -6.0 -5.8 -5.8 -5.8 -5.8 -5.7 -5.6 -5.5 -5.4 -5.3 -5.1 -5.1 -5.0
ligand_1139 -8.1 -7.8 -7.7 -7.7 -7.6 -7.6 -7.3 -7.3 -7.1 -7.1 -6.7 -6.4 -6.1 -5.9 -5.9 -5.8 -5.8 -5.5 -5.5
ligand_114 -8.6 -8.0 -7.9 -7.8 -7.8 -7.8 -7.4 -7.3 -7.2 -7.2 -7.1 -7.1 -7.0 -7.0 -6.9 -6.9 -6.6 -6.6 -6.5 -6.5
ligand_1140 -8.3 -8.1 -7.9 -7.9 -7.7 -7.5 -7.3 -7.3 -7.2 -6.9 -6.9 -6.9 -6.8 -6.6 -6.5 -6.5 -6.5 -6.5 -6.3 -6.1
ligand_1141 -8.4 -7.7 -7.6 -7.6 -7.2 -7.0 -7.0 -6.9 -6.7 -6.4 -6.3 -6.3 -6.2 -6.1 -6.1 -6.0 -5.9 -5.9 -5.8 -5.7
ligand_1142 -8.2 -8.1 -7.9 -7.7 -7.4 -7.2 -7.2 -6.9 -6.9 -6.6 -6.3 -6.2 -6.2 -6.1 -5.8 -5.6 -5.6 -5.5 -5.4 -5.2
ligand_1143 -8.2 -7.9 -7.8 -7.7 -7.5 -7.5 -7.5 -7.5 -7.4 -7.3 -7.2 -7.2 -7.2 -7.2 -6.8 -6.8 -6.6 -6.5 -6.4 -6.3
ligand_1144 -8.0 -7.9 -7.8 -7.8 -7.7 -7.6 -7.5 -7.4 -7.3 -7.3 -7.3 -7.1 -7.1 -7.0 -6.8 -6.7 -6.5 -6.5 -6.4 -6.3
ligand_1145 -8.0 -8.0 -7.7 -7.6 -7.3 -7.3 -7.3 -7.0 -6.9 -6.9 -6.7 -6.7 -6.6 -6.6 -6.5 -6.4 -6.3 -6.2 -6.0 -6.0
ligand_1146 -8.4 -8.1 -7.7 -7.5 -7.4 -7.4 -7.2 -7.1 -6.9 -6.9 -6.9 -6.8 -6.7 -6.6 -6.5 -6.4 -6.4 -6.4 -6.2 -6.1
ligand_1147 -8.8 -8.6 -8.5 -8.4 -8.2 -8.1 -8.1 -8.0 -8.0 -8.0 -7.9 -7.6 -7.4 -7.3 -7.2 -7.2 -7.2 -7.1 -7.1 -6.9
ligand_1148 -8.5 -8.2 -7.9 -7.9 -7.8 -7.5 -7.4 -7.4 -7.3 -7.3 -7.1 -7.1 -7.0 -6.9 -6.8 -6.8 -6.8 -6.7 -6.7 -6.6
ligand_1149 -8.6 -8.6 -8.4 -8.3 -7.9 -7.9 -7.7 -7.6 -7.6 -7.5 -7.5 -7.4 -7.2 -7.0 -6.8 -6.8 -6.7 -6.5 -6.4 -6.1
ligand_115 -8.4 -8.1 -7.9 -7.9 -7.8 -7.7 -7.7 -7.7 -7.7 -7.7 -7.6 -7.4 -7.4 -7.4 -7.3 -7.3 -7.2 -7.1 -7.1 -7.0
ligand_1150 -8.1 -8.1 -7.9 -7.6 -7.3 -7.1 -7.0 -6.9 -6.9 -6.9 -6.5 -6.5 -6.4 -6.1 -6.0 -6.0 -5.7 -5.6 -5.5 -5.4
ligand_1151 -8.2 -8.2 -8.1 -8.0 -7.5 -7.5 -7.5 -7.5 -7.4 -7.4 -7.4 -7.4 -7.4 -7.4 -7.3 -7.2 -7.1 -7.0 -6.9 -6.8
ligand_1152 -8.0 -8.0 -7.9 -7.8 -7.7 -7.7 -7.6 -7.5 -7.5 -7.4 -7.0 -7.0 -6.9 -6.8 -6.7 -6.6 -6.4 -6.4 -6.3 -6.3
ligand_1153 -8.1 -8.0 -8.0 -7.9 -7.8 -7.7 -7.7 -7.7 -7.6 -7.5 -7.5 -7.3 -7.3 -7.3 -7.2 -7.2 -7.1 -7.0 -6.9 -6.7
ligand_1154 -7.0 -6.9 -6.9 -6.6 -6.6 -6.2 -6.1 -6.0 -6.0 -6.0 -6.0 -5.9 -5.9 -5.7 -5.6 -5.4 -5.4 -5.3 -5.2 -5.1
ligand_1155 -7.8 -7.5 -6.9 -6.7 -6.7 -6.6 -5.8 -5.8 -5.8 -5.7 -5.7 -5.7 -5.7 -5.7 -5.5 -5.4 -5.4 -5.3 -5.2 -5.1
ligand_1156 -7.1 -7.1 -7.0 -6.8 -6.8 -6.7 -6.7 -6.7 -6.5 -6.5 -6.4 -6.4 -6.4 -6.3 -5.8 -5.7 -5.7 -5.5 -5.4 -5.4
ligand_1157 -7.2 -7.0 -6.8 -6.7 -6.7 -6.6 -6.5 -6.4 -6.4 -6.3 -6.2 -6.1 -6.0 -5.9 -5.8 -5.6 -5.5 -5.5 -5.4 -5.3
ligand_1158 -7.2 -7.2 -7.2 -7.0 -6.9 -6.8 -6.8 -6.7 -6.6 -6.5 -6.4 -6.3 -6.3 -6.2 -6.2 -6.1 -5.8 -5.7 -5.6 -5.4
ligand_1159 -7.0 -6.9 -6.8 -6.7 -6.7 -6.6 -6.5 -6.5 -6.4 -6.3 -6.1 -6.1 -6.1 -6.0 -5.8 -5.8 -5.7 -5.6 -5.6 -5.6
ligand_116 -8.1 -7.9 -7.9 -7.7 -7.6 -7.5 -7.5 -7.5 -7.4 -6.9 -6.8 -6.7 -6.6 -6.5 -6.5 -6.4 -6.4 -6.4 -6.3 -6.2
ligand_1160 -8.2 -8.0 -8.0 -7.9 -7.8 -7.7 -7.3 -7.3 -7.3 -7.3 -7.1 -7.0 -6.7 -6.5 -6.4 -6.1 -6.0 -5.9 -5.9 -5.9
ligand_1161 -7.6 -7.3 -7.3 -7.2 -7.2 -7.2 -7.0 -7.0 -6.9 -6.8 -6.8 -6.7 -6.7 -6.6 -6.6 -6.6 -6.6 -6.5 -6.5 -6.3
ligand_1162 -7.0 -7.0 -6.9 -6.8 -6.8 -6.6 -6.6 -6.4 -6.3 -6.0 -6.0 -5.8 -5.7 -5.6 -5.6 -5.6 -5.5 -5.5 -5.4 -5.3
ligand_1163 -8.3 -8.0 -7.9 -7.4 -7.3 -7.2 -7.1 -7.1 -7.0 -7.0 -7.0 -6.7 -6.5 -6.3 -6.2 -6.2 -6.0 -5.9 -5.8 -5.7
ligand_1164 -6.9 -6.9 -6.8 -6.8 -6.8 -6.7 -6.6 -6.4 -6.1 -5.9 -5.9 -5.9 -5.9 -5.8 -5.6 -5.6 -5.6 -5.5 -5.2 -5.2
ligand_1165 -7.9 -7.6 -7.5 -7.3 -7.2 -7.0 -6.8 -6.7 -6.6 -6.5 -6.5 -6.5 -6.4 -6.2 -6.2 -6.1 -6.1 -6.0 -5.9 -5.9
ligand_1166 -7.1 -7.1 -6.9 -6.9 -6.9 -6.8 -6.5 -6.4 -6.2 -6.1 -6.0 -5.7 -5.6 -5.5 -5.5 -5.4 -5.3 -5.3 -5.3 -5.3
ligand_1167 -6.7 -6.5 -6.4 -6.2 -6.1 -6.0 -6.0 -5.9 -5.8 -5.7 -5.7 -5.6 -5.5 -5.3 -5.2 -5.1 -5.0 -5.0 -5.0 -5.0
ligand_1168 -8.0 -7.9 -6.8 -6.7 -6.6 -6.5 -6.3 -6.0 -6.0 -5.9 -5.8 -5.6 -5.6 -5.5
ligand_1169 -8.1 -7.4 -7.4 -7.3 -7.1 -7.1 -7.1 -7.0 -6.7 -6.6 -6.6 -6.6 -6.6 -6.4 -6.4 -6.3 -6.3 -6.0 -5.9 -5.9
ligand_117 -8.2 -7.7 -7.6 -7.6 -7.5 -7.4 -7.4 -7.3 -7.2 -7.2 -7.2 -7.1 -7.1 -7.0 -7.0 -6.9 -6.9 -6.8 -6.8 -6.7
ligand_1170 -8.6 -8.4 -8.1 -8.1 -8.0 -7.7 -7.6 -7.2 -7.1 -7.1 -7.1 -7.0 -6.7 -6.6 -6.6 -6.6 -6.6 -6.6 -6.5 -6.5
ligand_1171 -8.5 -8.3 -8.1 -8.0 -7.9 -7.8 -7.6 -7.6 -7.6 -7.5 -7.5 -7.4 -7.3 -7.3 -7.1 -7.0 -7.0 -6.9 -6.8 -6.8
ligand_1172 -8.4 -8.1 -8.0 -7.7 -7.7 -7.5 -7.1 -7.1 -6.9 -6.8 -6.8 -6.8 -6.6 -6.2 -6.2 -6.2 -6.1 -6.1 -6.0 -6.0
ligand_1173 -8.6 -8.4 -8.4 -8.3 -8.0 -7.9 -7.6 -7.5 -7.5 -7.4 -7.2 -7.1 -7.1 -7.0 -7.0 -6.9 -6.9 -6.9 -6.7 -6.7
ligand_1174 -7.4 -7.4 -7.2 -7.0 -6.8 -6.8 -6.7 -6.6 -6.4 -6.3 -6.3 -6.3 -6.0 -5.9 -5.8 -5.7 -5.7 -5.7 -5.5 -5.3
ligand_1175 -7.9 -7.8 -7.6 -7.2 -7.1 -6.9 -6.6 -6.3 -6.2 -6.1 -6.1 -5.8 -5.7 -5.6 -5.5 -5.5 -5.5 -5.3 -5.2 -5.1
ligand_1176 -8.3 -8.1 -7.9 -7.5 -7.5 -7.1 -7.0 -6.8 -6.7 -6.6 -6.6 -6.6 -6.6 -6.4 -6.2 -6.2 -6.1 -6.0 -6.0 -6.0
ligand_1177 -7.9 -7.8 -7.8 -7.6 -7.4 -7.2 -7.0 -6.6 -6.6 -6.5 -6.3 -6.1 -6.0 -5.9 -5.7 -5.3 -5.3 -5.1 -5.0 -5.0
ligand_1178 -7.8 -7.8 -7.7 -7.4 -7.4 -7.0 -6.9 -6.7 -6.6 -6.5 -6.2 -6.2 -6.1 -6.0 -6.0 -5.9 -5.7 -5.5 -5.4 -5.3
ligand_1179 -7.5 -7.3 -7.1 -7.1 -7.1 -7.0 -6.9 -6.9 -6.8 -6.7 -6.4 -6.3 -6.1 -6.1 -6.0 -6.0 -5.9 -5.8 -5.7 -5.6
ligand_118 -8.1 -8.1 -7.8 -7.5 -7.3 -7.1 -6.9 -6.9 -6.8 -6.8 -6.7 -6.6 -6.3 -6.3 -6.3 -6.1 -6.1 -6.0 -6.0 -5.9
ligand_1180 -7.6 -7.5 -7.4 -7.1 -7.1 -6.9 -6.7 -6.6 -6.6 -6.5 -6.5 -6.0 -5.8 -5.6 -5.6 -5.6 -5.3 -5.3 -5.1 -5.1
ligand_1181 -7.7 -7.5 -7.5 -7.4 -7.3 -7.2 -7.1 -7.1 -6.5 -6.3 -6.2 -6.1 -6.1 -6.1 -6.0 -6.0 -5.9 -5.8 -5.8 -5.7
ligand_1182 -8.3 -8.3 -8.1 -7.7 -7.7 -7.4 -6.9 -6.8 -6.7 -6.6 -6.6 -6.5 -6.4 -6.4 -6.3 -6.2 -6.0 -5.9 -5.8 -5.6
ligand_1183 -8.1 -8.1 -7.5 -7.5 -7.4 -7.3 -7.3 -7.3 -7.2 -6.9 -6.6 -6.6 -6.4 -6.3 -6.3 -6.3 -6.3 -6.2 -6.1 -6.1
ligand_1184 -7.2 -7.2 -7.2 -7.1 -6.9 -6.9 -6.7 -6.6 -6.3 -6.3 -6.2 -6.2 -6.1 -6.1 -6.0 -5.9 -5.8 -5.8 -5.7 -5.7
ligand_1185 -7.9 -7.8 -7.7 -7.6 -7.3 -7.3 -6.8 -6.8 -6.5 -6.4 -6.2 -6.1 -6.1 -6.0 -6.0 -5.9 -5.7 -5.7 -5.7 -5.6
ligand_1186 -7.7 -7.7 -7.3 -7.1 -6.8 -6.6 -6.5 -6.3 -6.2 -6.2 -6.1 -6.0 -5.9 -5.9 -5.8 -5.7 -5.7 -5.5 -5.5 -5.5
ligand_1187 -8.2 -8.0 -7.5 -7.4 -7.4 -7.1 -7.0 -7.0 -6.9 -6.9 -6.7 -6.7 -6.7 -6.5 -6.5 -6.5 -6.4 -6.4 -6.4 -6.1
ligand_1188 -7.9 -7.9 -7.8 -7.1 -6.9 -6.8 -6.8 -6.7 -6.7 -6.7 -6.6 -6.4 -6.1 -5.9 -5.9 -5.9 -5.8 -5.8 -5.7 -5.7
ligand_1189 -7.8 -7.7 -7.4 -7.2 -7.1 -7.0 -6.8 -6.5 -6.1 -6.0 -5.5 -5.1 -5.1 -5.1 -5.0 -4.9 -4.9 -4.9 -4.9 -4.9
ligand_119 -8.3 -8.1 -7.8 -7.7 -7.7 -7.6 -7.5 -7.3 -7.3 -7.2 -7.1 -7.1 -6.9 -6.9 -6.8 -6.4 -6.3 -6.2 -6.2 -6.2
ligand_1190 -7.3 -7.2 -7.2 -7.1 -7.0 -6.9 -6.9 -6.9 -6.8 -6.8 -6.8 -6.7 -6.1 -5.8 -5.8 -5.7 -5.6 -5.6 -5.6 -5.5
ligand_1191 -8.2 -8.2 -8.1 -7.5 -7.4 -7.3 -7.3 -7.3 -7.3 -7.2 -7.2 -7.1 -7.0 -6.9 -6.8 -6.8 -6.6 -6.5 -6.4 -6.4
ligand_1192 -8.9 -8.9 -8.6 -8.5 -8.5 -8.3 -8.0 -7.8 -7.7 -7.5 -7.5 -7.4 -7.4 -7.4 -7.3 -7.0 -7.0 -6.7 -6.5 -6.5
ligand_1193 -7.6 -7.2 -7.1 -7.0 -6.8 -6.8 -6.5 -6.5 -6.2 -6.2 -6.1 -6.1 -5.8 -5.8 -5.7 -5.7 -5.6 -5.6 -5.6 -5.5
ligand_1194 -8.4 -8.3 -8.1 -7.9 -7.4 -7.3 -7.3 -7.3 -7.1 -7.1 -7.1 -6.9 -6.9 -6.7 -6.7 -6.6 -6.5 -6.5 -6.4 -6.2
ligand_1195 -7.9 -7.8 -7.8 -7.5 -7.4 -7.2 -7.1 -7.0 -6.8 -6.5 -6.3 -6.3 -6.2 -6.1 -6.1 -6.0 -5.8 -5.8 -5.7 -5.6
ligand_1196 -8.5 -8.2 -8.1 -8.1 -8.1 -8.0 -7.9 -7.9 -7.3 -7.1 -7.0 -7.0 -6.9 -6.8 -6.8 -6.8 -6.8 -6.7 -6.7 -6.5
ligand_1197 -8.4 -8.3 -8.1 -8.0 -7.8 -7.8 -7.7 -7.6 -7.1 -7.0 -7.0 -6.9 -6.6 -6.6 -6.5 -6.5 -6.4 -6.3 -6.1 -6.0
ligand_1198 -8.1 -8.1 -8.1 -7.9 -7.9 -7.4 -7.3 -6.9 -6.8 -6.6 -6.5 -6.4 -6.3 -6.3 -6.2 -6.1 -6.1 -6.0 -5.7 -5.7
ligand_1199 -8.9 -8.7 -8.5 -8.5 -8.4 -8.3 -8.3 -8.1 -7.6 -7.6 -7.6 -7.5 -7.5 -7.2 -7.2 -7.2 -7.2 -7.2 -7.1 -7.1
ligand_12 -8.5 -8.2 -7.8 -7.8 -7.7 -7.6 -7.6 -7.4 -7.2 -7.1 -7.1 -7.1 -7.0 -7.0 -6.9 -6.8 -6.7 -6.7 -6.7
ligand_120 -8.4 -8.2 -8.1 -7.7 -7.7 -7.6 -7.6 -7.5 -7.5 -7.4 -7.2 -7.2 -6.9 -6.9 -6.8 -6.7 -6.6 -6.5 -6.4 -6.1
ligand_1200 -8.3 -7.9 -7.8 -7.7 -7.5 -7.4 -7.2 -7.1 -7.1 -7.0 -6.8 -6.5 -6.5 -6.4 -6.2 -6.2 -6.2 -5.9 -5.8 -5.6
ligand_1201 -8.0 -7.8 -7.6 -7.3 -7.3 -7.3 -7.3 -7.2 -7.1 -7.0 -6.9 -6.9 -6.9 -6.3 -6.2 -6.2 -6.2 -6.2 -6.2 -5.3
ligand_1202 -6.7 -6.7 -6.5 -6.5 -6.4 -6.3 -6.3 -6.3 -6.2 -6.1 -6.0 -5.8 -5.7 -5.7 -5.7 -5.7 -5.5 -5.4 -5.4 -5.2
ligand_1203 -6.9 -6.9 -6.7 -6.5 -6.3 -6.2 -6.2 -6.1 -5.9 -5.9 -5.9 -5.8 -5.8 -5.7 -5.6 -5.5 -5.5 -5.5 -5.4 -5.4
ligand_1204 -7.2 -6.8 -6.8 -6.7 -6.7 -6.3 -6.3 -6.2 -5.9 -5.8 -5.8 -5.7 -5.6 -5.5 -5.4 -5.3 -5.1 -5.0 -5.0 -5.0
ligand_1205 -8.0 -7.7 -7.4 -7.3 -7.3 -7.1 -7.0 -6.9 -6.8 -6.8 -6.7 -6.5 -6.4 -6.4 -6.4 -6.3 -6.3 -5.9 -5.7 -5.6
ligand_1206 -8.5 -8.4 -8.1 -7.9 -7.7 -7.5 -7.5 -7.4 -7.3 -6.8 -6.5 -6.4 -6.4 -6.4 -6.4 -6.3 -5.9 -5.9 -5.9 -5.8
ligand_1207 -8.2 -8.1 -7.8 -7.3 -7.3 -7.1 -7.0 -7.0 -6.9 -6.9 -6.8 -6.8 -6.8 -6.6 -6.5 -6.3 -6.1 -6.1 -5.8 -5.6
ligand_1208 -7.9 -7.9 -7.7 -7.6 -7.3 -6.7 -6.5 -6.5 -6.4 -6.4 -6.4 -6.3 -6.1 -6.0 -6.0 -5.9 -5.9 -5.8 -5.7 -5.5
ligand_1209 -8.9 -8.9 -8.9 -8.7 -8.6 -8.5 -8.4 -8.3 -8.0 -7.9 -7.7 -7.4 -7.4 -7.4 -7.3 -7.2 -7.0 -6.9 -6.9 -6.8
ligand_121 -8.9 -8.6 -8.6 -8.2 -7.8 -7.8 -7.5 -7.5 -7.4 -7.4 -7.3 -7.2 -7.2 -7.0 -6.8 -6.8 -6.8 -6.7 -6.6 -6.4
ligand_1210 -9.1 -8.9 -8.9 -8.9 -8.5 -8.3 -8.2 -7.7 -7.6 -7.6 -7.5 -7.4 -7.4 -7.4 -7.4 -7.2 -7.0 -7.0 -6.8 -6.7
ligand_1211 -8.2 -8.1 -7.8 -7.7 -7.6 -7.5 -7.5 -7.4 -7.4 -7.3 -7.0 -6.8 -6.6 -6.5 -6.5 -6.4 -6.4 -6.3 -6.3 -6.2
ligand_1212 -8.2 -8.2 -7.4 -7.2 -7.1 -7.0 -6.8 -6.7 -6.7 -6.5 -6.4 -6.2 -6.2 -6.1 -6.0 -5.9 -5.9 -5.9 -5.8 -5.7
ligand_1213 -6.8 -6.7 -6.6 -6.4 -6.3 -6.3 -6.0 -6.0 -5.9 -5.8 -5.7 -5.6 -5.4 -5.4 -5.4 -5.4 -5.1 -5.0 -5.0 -4.8
ligand_1214 -6.7 -6.7 -6.7 -6.5 -6.4 -6.3 -6.1 -6.0 -5.9 -5.9 -5.8 -5.7 -5.5 -5.4 -5.4 -5.2 -5.0 -5.0 -4.9 -4.9
ligand_1215 -7.9 -7.8 -7.6 -7.4 -7.1 -7.0 -7.0 -6.4 -6.4 -6.3 -6.3 -6.3 -6.2 -6.1 -6.1 -5.9 -5.9 -5.9 -5.7 -5.5
ligand_1216 -8.5 -8.4 -7.9 -7.9 -7.8 -7.3 -7.1 -7.1 -7.0 -6.9 -6.9 -6.9 -6.8 -6.7 -6.7 -6.6 -6.5 -6.3 -6.2 -6.0
ligand_1217 -8.6 -8.6 -8.6 -8.5 -8.5 -8.3 -8.3 -8.0 -7.6 -7.6 -7.4 -7.3 -7.2 -7.2 -7.2 -6.9 -6.7 -6.6 -6.6 -6.3
ligand_1218 -8.7 -8.6 -8.5 -8.3 -8.0 -8.0 -7.9 -7.7 -7.6 -7.5 -7.4 -7.4 -7.4 -7.4 -7.3 -7.2 -6.9 -6.9 -6.5 -6.4
ligand_1219 -8.5 -8.3 -8.3 -8.2 -8.2 -7.4 -7.3 -7.3 -7.1 -6.7 -6.7 -6.7 -6.6 -6.6 -6.5 -6.4 -6.4 -6.2 -6.2 -6.0
ligand_122 -8.1 -8.1 -7.7 -7.5 -7.5 -7.4 -7.3 -7.2 -7.1 -7.1 -7.1 -6.9 -6.9 -6.7 -6.5 -6.5 -6.3 -6.2 -6.2 -6.2
ligand_1220 -7.3 -6.8 -6.8 -6.6 -6.6 -6.6 -6.5 -6.5 -6.5 -6.5 -6.4 -6.4 -6.3 -6.0 -6.0 -5.9 -5.9 -5.9 -5.7 -5.6
ligand_1221 -8.5 -8.5 -8.4 -8.2 -8.1 -8.0 -7.6 -7.6 -7.6 -7.5 -7.2 -7.2 -7.1 -7.1 -7.0 -7.0 -6.9 -6.7 -6.4 -6.4
ligand_1222 -7.4 -7.4 -7.4 -7.4 -7.2 -6.7 -6.7 -6.6 -6.4 -6.2 -6.2 -6.2 -6.1 -6.1 -5.9 -5.9 -5.9 -5.9 -5.8 -5.8
ligand_1223 -8.6 -8.5 -8.4 -8.4 -8.3 -8.1 -7.8 -7.8 -7.7 -7.6 -7.5 -7.4 -7.4 -7.3 -7.2 -7.0 -6.9 -6.9 -6.8 -6.6
ligand_1224 -7.5 -7.5 -7.4 -7.4 -7.4 -7.3 -7.0 -6.9 -6.9 -6.8 -6.6 -6.6 -6.3 -6.2 -6.1 -6.1 -6.0 -5.9 -5.9 -5.9
ligand_1225 -9.2 -8.9 -8.9 -8.6 -8.5 -8.3 -8.1 -8.1 -8.1 -7.9 -7.8 -7.8 -7.8 -7.7 -7.7 -7.4 -7.2 -7.2 -7.2 -7.1
ligand_1226 -8.7 -8.6 -8.6 -8.2 -7.9 -7.6 -7.1 -7.1 -7.1 -7.0 -6.9 -6.7 -6.6 -6.5 -6.5 -6.3 -6.3 -6.3 -6.2 -6.2
ligand_1227 -8.4 -8.3 -8.3 -8.1 -8.1 -8.0 -7.7 -7.6 -7.3 -7.3 -7.2 -7.2 -7.1 -7.1 -7.1 -7.0 -7.0 -7.0 -6.9 -6.6
ligand_1228 -8.7 -8.5 -8.5 -8.3 -8.3 -8.0 -7.8 -7.7 -7.7 -7.6 -7.5 -7.5 -7.4 -7.0 -6.8 -6.7 -6.5 -6.5 -6.3 -6.2
ligand_1229 -8.7 -8.6 -8.5 -8.2 -7.9 -7.9 -7.5 -7.5 -7.4 -7.4 -7.0 -6.8 -6.7 -6.7 -6.6 -6.4 -6.4 -6.4 -6.3 -6.1
ligand_123 -8.0 -7.8 -7.7 -7.7 -7.7 -7.6 -7.4 -7.4 -7.3 -7.3 -7.3 -7.2 -7.1 -7.0 -6.9 -6.9 -6.7 -6.7 -6.6 -6.6
ligand_1230 -8.7 -8.6 -8.6 -8.4 -8.2 -8.0 -7.8 -7.5 -7.5 -7.4 -7.4 -7.2 -7.2 -7.0 -7.0 -6.9 -6.9 -6.6 -6.5 -6.4
ligand_1231 -8.4 -8.3 -8.3 -8.2 -7.9 -7.7 -7.6 -7.6 -7.3 -7.2 -7.2 -7.1 -7.0 -6.9 -6.9 -6.8 -6.6 -6.6 -6.5 -6.3
ligand_1232 -8.9 -8.7 -8.6 -8.4 -8.4 -8.4 -8.0 -7.9 -7.7 -7.6 -7.6 -7.5 -7.5 -7.3 -7.3 -7.3 -7.1 -6.8 -6.8 -6.7
ligand_1233 -8.6 -8.2 -7.9 -7.5 -7.4 -7.3 -7.3 -6.8 -6.7 -6.6 -6.4 -6.4 -6.3 -6.3 -6.2 -6.2 -6.1 -6.0 -6.0 -6.0
ligand_1234 -8.6 -8.4 -7.5 -7.4 -7.3 -6.9 -6.9 -6.8 -6.6 -6.3 -6.2 -6.0 -6.0 -5.9 -5.9 -5.8 -5.7 -5.7
ligand_1235 -8.4 -8.2 -8.2 -7.5 -7.2 -7.1 -6.9 -6.8 -6.7 -6.7 -6.4 -6.4 -6.2 -6.2 -6.2 -6.1 -6.0 -5.9 -5.8 -5.6
ligand_1236 -8.5 -8.3 -7.9 -7.4 -6.9 -6.7 -6.5 -6.3 -6.3 -6.2 -6.1 -6.0 -5.9 -5.9 -5.9 -5.8 -5.7 -5.7 -5.5
ligand_1237 -8.3 -8.1 -7.7 -7.7 -7.3 -7.0 -6.9 -6.4 -6.4 -6.3 -6.3 -6.2 -6.1 -6.1 -6.0 -6.0 -5.9 -5.8 -5.7 -5.6
ligand_1238 -8.3 -8.2 -7.8 -7.7 -7.6 -7.6 -7.2 -7.1 -7.0 -6.8 -6.7 -6.6 -6.4 -6.4 -6.3 -6.2 -6.1 -6.0 -6.0 -6.0
ligand_1239 -8.1 -7.8 -7.4 -7.1 -6.7 -6.5 -6.3 -6.2 -6.1 -6.0 -5.8 -5.8 -5.7 -5.7 -5.7 -5.6 -5.6 -5.5 -5.4 -5.2
ligand_124 -8.0 -7.9 -7.8 -7.7 -7.7 -7.6 -7.6 -7.4 -7.3 -7.3 -7.3 -7.2 -7.0 -7.0 -7.0 -6.9 -6.9 -6.8 -6.8 -6.8
ligand_1240 -7.3 -6.7 -6.6 -6.6 -6.4 -6.3 -6.2 -6.1 -5.9 -5.7 -5.5 -5.5 -5.2 -5.1 -5.0 -5.0 -5.0 -5.0 -4.9
ligand_1241 -8.3 -8.0 -8.0 -7.4 -7.0 -6.8 -6.6 -6.4 -6.4 -6.4 -6.2 -6.1 -6.1 -6.1 -6.0 -6.0 -5.9 -5.8 -5.7 -5.6
ligand_1242 -9.4 -8.6 -7.9 -7.9 -7.7 -7.5 -7.5 -7.3 -7.1 -7.0 -7.0 -6.9
ligand_1243 -9.1 -8.6 -7.8 -7.7 -7.5 -7.5 -7.4 -7.3 -6.8 -6.8 -6.7 -6.7 -6.6 -6.5 -6.5 -6.2
ligand_1244 -8.4 -8.0 -7.6 -7.4 -7.2 -6.9 -6.6 -6.6 -6.5 -6.4 -6.3 -6.0 -5.9 -5.9 -5.9 -5.8 -5.8 -5.8 -5.8 -5.8
ligand_1245 -8.4 -8.2 -7.7 -7.2 -7.1 -6.3 -6.3 -6.3 -6.3 -6.1 -6.0 -6.0 -6.0 -5.9 -5.8 -5.7 -5.6 -5.4
ligand_1246 -7.7 -7.3 -6.8 -6.8 -6.8 -6.7 -6.6 -6.5 -6.4 -6.3 -6.3 -6.2 -6.1 -6.1 -6.0 -6.0 -5.9 -5.8 -5.7 -5.6
ligand_1247 -8.4 -8.3 -8.1 -8.1 -8.0 -7.5 -7.4 -7.1 -6.7 -6.7 -6.6 -6.6 -6.4 -6.4 -6.3 -6.2 -6.2 -6.2 -6.0 -6.0
ligand_1248 -8.6 -8.2 -8.0 -7.4 -7.1 -7.0 -6.9 -6.4 -6.3 -6.2 -6.2 -5.7 -5.6 -5.6 -5.6 -5.6
ligand_1249 -8.6 -8.3 -7.0 -6.9 -6.8 -6.8 -6.8 -6.8 -6.6 -6.5 -6.3 -6.3 -6.2 -6.2 -6.1 -6.0 -6.0 -5.8 -5.8 -5.7
ligand_125 -7.9 -7.7 -7.5 -7.4 -7.4 -7.4 -7.4 -7.3 -7.3 -7.2 -7.1 -7.0 -7.0 -6.9 -6.8 -6.8 -6.8 -6.8 -6.7 -6.6
ligand_1250 -8.2 -8.2 -8.1 -7.9 -7.8 -6.7 -6.2 -6.1 -6.0 -6.0 -6.0 -5.9 -5.7 -5.7 -5.6 -5.4 -5.3 -5.2
ligand_1251 -8.1 -7.9 -7.3 -7.0 -6.7 -6.5 -6.4 -6.2 -5.9 -5.9 -5.9 -5.8 -5.7 -5.7 -5.6 -5.5 -5.5 -5.5 -5.4 -5.3
ligand_1252 -7.5 -7.2 -7.2 -7.2 -6.9 -6.8 -6.6 -6.5 -6.5 -6.3 -6.3 -6.2 -6.1 -6.1 -6.1 -6.1 -6.0 -5.9 -5.8 -5.8
ligand_1253 -8.0 -7.9 -7.3 -7.1 -6.8 -6.8 -6.7 -6.7 -6.5 -6.4 -6.2 -6.2 -6.1 -6.1 -6.0 -5.9 -5.9 -5.7 -5.7 -5.6
ligand_1254 -7.5 -7.4 -7.1 -7.0 -6.9 -6.9 -6.8 -6.7 -6.7 -6.7 -6.5 -6.3 -6.3 -6.2 -6.2 -6.2 -6.1 -6.1 -6.0 -6.0
ligand_1255 -7.2 -7.2 -6.9 -6.7 -6.4 -6.4 -6.0 -6.0 -6.0 -5.9 -5.9 -5.7 -5.7 -5.7 -5.5 -5.5 -5.4 -5.4 -5.3 -5.1
ligand_1256 -7.1 -7.0 -6.9 -6.7 -6.6 -6.4 -6.4 -6.4 -6.4 -6.3 -6.2 -6.1 -6.1 -6.0 -5.8 -5.8 -5.8 -5.8 -5.8 -5.7
ligand_1257 -9.2 -8.8 -8.7 -7.9 -7.8 -7.8 -7.8 -7.6 -7.5 -7.2 -7.2 -7.0 -7.0 -6.7 -6.6 -6.6 -6.5 -6.5 -6.4 -6.3
ligand_1258 -7.1 -6.9 -6.7 -6.6 -6.5 -6.4 -6.3 -6.2 -6.2 -6.0 -6.0 -5.9 -5.9 -5.8 -5.8 -5.7 -5.7 -5.5 -5.4 -5.3
ligand_1259 -7.0 -7.0 -7.0 -6.8 -6.5 -6.4 -6.3 -6.3 -6.2 -6.2 -6.1 -6.1 -6.1 -6.0 -5.7 -5.7 -5.7 -5.6 -5.6 -5.5
ligand_126 -7.7 -7.5 -7.2 -7.1 -7.1 -7.1 -7.1 -7.0 -7.0 -6.9 -6.9 -6.6 -6.5 -6.5 -6.3 -6.3 -6.3 -6.2 -6.2 -6.2
ligand_1260 -8.3 -8.1 -7.7 -6.8 -6.7 -6.7 -6.7 -6.2 -6.0 -6.0 -6.0 -6.0 -5.9 -5.9 -5.8 -5.8 -5.7 -5.7 -5.7 -5.6
ligand_1261 -8.7 -8.4 -8.4 -7.9 -7.7 -7.6 -7.5 -7.0 -6.3 -6.1 -6.0 -5.9 -5.8 -5.8 -5.8
ligand_1262 -8.2 -8.1 -7.1 -7.0 -7.0 -7.0 -6.9 -6.5 -6.3 -6.2 -5.9 -5.9 -5.9 -5.8 -5.7 -5.7 -5.5 -5.4 -5.4 -5.3
ligand_1263 -8.1 -7.8 -7.4 -7.0 -6.7 -6.3 -6.1 -5.8 -5.7 -5.6 -5.5 -5.5 -5.3 -5.3 -5.3 -5.1
ligand_1264 -8.6 -8.1 -8.1 -7.9 -7.4 -7.3 -7.1 -6.8 -6.7 -6.6 -6.2 -6.2 -6.0 -5.9 -5.9 -5.8 -5.8 -5.7 -5.6
ligand_1265 -8.4 -8.3 -7.8 -7.4 -7.1 -6.8 -6.7 -6.3 -6.3 -6.2 -6.2 -6.0 -6.0 -5.9 -5.9 -5.8 -5.8 -5.8 -5.7 -5.5
ligand_1266 -8.3 -8.1 -8.0 -7.9 -7.1 -7.0 -6.6 -6.6 -6.6 -6.4 -6.4 -6.3 -6.2 -6.1 -6.1 -6.0 -6.0 -5.7 -5.7 -5.5
ligand_1267 -9.1 -8.4 -7.6 -7.5 -7.5 -7.5 -7.4 -7.4 -7.0 -6.6 -6.6 -6.4 -6.4 -6.4 -6.4 -6.3 -6.3
ligand_1268 -8.0 -7.9 -7.4 -6.8 -6.8 -6.7 -6.6 -6.5 -6.4 -6.3 -6.2 -6.2 -5.9 -5.8 -5.7 -5.7 -5.6 -5.6 -5.5 -5.5
ligand_1269 -8.9 -8.6 -8.1 -7.8 -7.3 -7.2 -7.2 -7.2 -7.0 -7.0 -6.7 -6.6 -6.6 -6.6 -6.4 -6.4 -6.3 -6.0
ligand_127 -8.4 -8.4 -7.4 -7.3 -7.3 -7.1 -6.8 -6.8 -6.8 -6.7 -6.7 -6.4 -6.4 -6.4 -6.4 -6.3 -6.3 -6.2 -6.1 -6.1
ligand_1270 -7.7 -7.5 -7.5 -7.1 -7.0 -6.9 -6.9 -6.8 -6.8 -6.7 -6.7 -6.7 -6.6 -6.4 -6.3 -6.2 -6.2 -6.2 -6.1 -6.1
ligand_1271 -8.3 -8.3 -8.2 -7.5 -7.4 -7.4 -7.3 -7.2 -6.9 -6.7 -6.5 -6.4 -6.3 -6.3 -6.3 -6.1 -6.0 -6.0 -6.0 -5.8
ligand_1272 -8.7 -8.5 -8.0 -7.9 -7.9 -7.9 -7.7 -7.5 -7.3 -7.2 -6.9 -6.7 -6.6 -6.5 -6.5 -6.5 -6.5 -6.4 -6.4 -6.2
ligand_1273 -8.0 -7.5 -7.1 -7.1 -7.1 -7.0 -6.9 -6.8 -6.7 -6.6 -6.6 -6.6 -6.5 -6.4 -6.4 -6.4 -6.2 -6.2 -6.1 -5.9
ligand_1274 -8.5 -8.4 -8.3 -7.9 -7.9 -7.9 -7.8 -7.3 -7.3 -7.2 -7.0 -7.0 -6.9 -6.8 -6.8 -6.7 -6.5 -6.4 -6.3 -6.3
ligand_1275 -7.8 -7.0 -6.8 -6.8 -6.5 -6.5 -6.4 -6.4 -6.2 -6.1 -6.1 -5.8 -5.8 -5.8 -5.8 -5.8 -5.7 -5.7 -5.5 -5.5
ligand_1276 -8.5 -8.1 -8.1 -7.9 -7.8 -7.8 -7.7 -7.6 -7.6 -7.6 -7.6 -7.6 -7.5 -7.4 -7.3 -7.0 -7.0 -6.9 -6.8 -6.6
ligand_1277 -8.2 -7.7 -7.6 -7.6 -7.6 -7.5 -7.4 -7.2 -7.1 -7.0 -6.8 -6.8 -6.7 -6.6 -6.3 -6.3 -6.3 -6.1 -6.1 -6.1
ligand_1278 -8.7 -8.4 -8.0 -7.9 -7.8 -7.8 -7.7 -7.5 -7.3 -7.3 -7.1 -7.0 -7.0 -6.9 -6.7 -6.4 -6.2 -6.2 -5.9 -5.9
ligand_1279 -8.2 -7.3 -7.2 -7.0 -6.9 -6.9 -6.8 -6.8 -6.7 -6.6 -6.6 -6.4 -6.3 -6.3 -6.0 -6.0 -5.9 -5.8 -5.8 -5.7
ligand_128 -8.5 -7.8 -7.6 -7.5 -7.4 -7.2 -7.1 -7.1 -7.1 -6.9 -6.9 -6.9 -6.8 -6.7 -6.7 -6.6 -6.4 -6.4 -6.4 -6.3
ligand_1280 -8.8 -7.7 -7.6 -7.5 -7.3 -7.3 -7.3 -7.3 -7.2 -6.9 -6.9 -6.8 -6.7 -6.7 -6.5 -6.5 -6.4 -6.3 -6.3 -6.3
ligand_1281 -7.7 -7.1 -7.1 -6.9 -6.8 -6.8 -6.6 -6.6 -6.5 -6.5 -6.5 -6.3 -6.2 -6.1 -6.0 -5.8 -5.7 -5.6 -5.4 -5.3
ligand_1282 -8.7 -8.6 -7.8 -7.8 -7.8 -7.7 -7.6 -7.5 -7.5 -7.4 -7.3 -7.3 -7.0 -7.0 -6.9 -6.9 -6.8 -6.8 -6.7 -6.6
ligand_1283 -8.1 -7.4 -7.4 -7.4 -7.1 -7.1 -7.0 -7.0 -6.9 -6.9 -6.8 -6.4 -6.4 -6.3 -6.2 -6.2 -6.0 -5.9 -5.8 -5.8
ligand_1284 -8.1 -8.0 -7.6 -7.5 -7.5 -7.4 -7.1 -7.0 -7.0 -6.9 -6.9 -6.7 -6.7 -6.6 -6.4 -6.4 -6.3 -6.3 -6.2 -6.1
ligand_1285 -8.2 -8.2 -7.8 -7.7 -7.7 -7.6 -7.5 -7.4 -7.4 -7.3 -7.3 -7.1 -7.0 -7.0 -6.8 -6.8 -6.6 -6.5 -6.3 -6.3
ligand_1286 -8.5 -8.4 -8.3 -8.2 -7.7 -7.6 -7.5 -7.4 -7.1 -7.0 -6.9 -6.9 -6.9 -6.9 -6.8 -6.8 -6.7 -6.7 -6.5 -6.4
ligand_1287 -8.5 -7.0 -6.7 -6.7 -6.7 -6.6 -6.5 -6.4 -6.1 -5.9 -5.6 -5.6 -5.5 -5.5 -5.5 -5.5
ligand_1288 -8.8 -8.6 -8.2 -7.9 -7.7 -7.4 -7.3 -7.3 -7.2 -7.1 -7.0 -6.8 -6.7 -6.7 -6.7 -6.6 -6.5 -6.4 -6.4 -6.4
ligand_1289 -8.6 -8.5 -8.1 -7.5 -7.4 -7.1 -7.0 -6.8 -6.8 -6.7 -6.7 -6.7 -6.6 -6.6 -6.5 -6.5 -6.4 -6.4 -6.4 -6.1
ligand_129 -7.8 -7.6 -6.9 -6.9 -6.7 -6.5 -6.5 -6.4 -6.3 -6.2 -6.2 -6.1 -6.1 -6.1 -6.1 -6.0 -5.9 -5.9 -5.8 -5.8
ligand_1290 -8.6 -8.4 -7.9 -7.7 -7.5 -7.4 -7.4 -7.2 -7.1 -7.0 -6.6 -6.3 -6.3 -6.3 -6.2 -6.1 -6.1 -6.1 -5.9 -5.7
ligand_1291 -8.1 -8.0 -7.8 -7.7 -7.5 -7.4 -7.4 -6.8 -6.6 -6.5 -6.5 -6.3 -6.3 -6.3 -6.3 -6.1 -6.1 -6.0 -5.9 -5.8
ligand_1292 -8.4 -8.0 -7.5 -7.3 -7.3 -7.2 -7.2 -7.0 -6.8 -6.8 -6.6 -6.5 -6.5 -6.5 -6.4 -6.2 -6.2 -6.2 -6.1 -6.1
ligand_1293 -8.6 -8.2 -7.9 -7.7 -7.6 -7.4 -7.0 -6.9 -6.6 -6.5 -6.5 -6.4 -6.3 -6.2 -6.1 -6.1 -5.9 -5.8 -5.6
ligand_1294 -8.4 -8.4 -7.8 -7.5 -7.4 -7.0 -6.9 -6.7 -6.7 -6.7 -6.6 -6.6 -6.3 -6.2 -6.2 -6.0 -6.0 -6.0 -5.8 -5.8
ligand_1295 -8.0 -8.0 -7.1 -6.9 -6.9 -6.9 -6.8 -6.6 -6.6 -6.4 -6.4 -6.1 -6.1 -6.0 -6.0 -5.9 -5.9 -5.7 -5.6 -5.6
ligand_1296 -8.1 -7.9 -7.8 -7.8 -7.6 -7.6 -7.5 -7.4 -7.0 -7.0 -6.8 -6.8 -6.3 -6.3 -6.3 -6.2 -6.1 -6.1 -5.7 -5.6
ligand_1297 -7.7 -7.4 -7.3 -6.9 -6.7 -6.7 -6.7 -6.6 -6.4 -6.4 -6.3 -6.0 -6.0 -5.9 -5.9 -5.9 -5.9 -5.9 -5.8 -5.8
ligand_1298 -7.8 -7.3 -7.3 -6.8 -6.8 -6.4 -6.3 -6.1 -6.0 -6.0 -5.8 -5.7 -5.7 -5.6 -5.6 -5.6 -5.6 -5.6 -5.4 -5.4
ligand_1299 -8.1 -7.5 -7.4 -7.3 -7.0 -6.9 -6.8 -6.8 -6.8 -6.6 -6.6 -6.5 -6.5 -6.5 -6.3 -6.3 -6.3 -6.2 -6.1 -6.1
ligand_13 -7.9 -7.8 -7.6 -7.1 -7.0 -6.9 -6.8 -6.8 -6.8 -6.8 -6.7 -6.5 -6.5 -6.4 -6.4 -6.2 -6.0 -5.9 -5.9 -5.9
ligand_130 -7.8 -7.6 -7.5 -7.4 -7.1 -7.0 -6.9 -6.8 -6.8 -6.8 -6.7 -6.7 -6.6 -6.6 -6.4 -6.3 -6.2 -6.2 -6.1 -6.0
ligand_1300 -8.1 -7.3 -7.2 -7.2 -7.1 -7.0 -6.7 -6.6 -6.5 -6.5 -6.4 -6.4 -6.1 -6.0 -5.9 -5.7 -5.6 -5.5 -5.5 -5.4
ligand_1301 -7.9 -7.8 -7.5 -7.3 -7.3 -7.0 -6.9 -6.9 -6.8 -6.8 -6.7 -6.6 -6.6 -6.5 -6.4 -6.3 -6.3 -6.2 -6.2 -6.1
ligand_1302 -8.1 -7.9 -7.2 -7.2 -7.0 -6.7 -6.7 -6.6 -6.4 -6.4 -6.4 -6.3 -6.1 -6.1 -6.0 -5.8 -5.8 -5.7 -5.7 -5.7
ligand_1303 -8.0 -7.0 -6.9 -6.9 -6.3 -6.2 -6.2 -6.1 -6.0 -6.0 -6.0 -5.8 -5.8 -5.6 -5.6 -5.5 -5.4 -5.3 -5.3 -5.3
ligand_1304 -8.4 -8.1 -7.6 -7.5 -7.5 -7.5 -7.4 -7.3 -6.9 -6.8 -6.8 -6.7 -6.7 -6.7 -6.5 -6.5 -6.3 -6.1 -6.1 -6.0
ligand_1305 -9.0 -8.9 -8.3 -8.2 -7.9 -7.7 -7.3 -7.1 -7.0 -7.0 -6.9 -6.8 -6.7 -6.7 -6.6 -6.6 -6.4 -6.4 -6.3 -6.3
ligand_1306 -9.1 -8.3 -7.7 -7.7 -7.4 -7.1 -7.1 -7.0 -6.9 -6.9 -6.9 -6.8 -6.8 -6.7 -6.7 -6.6 -6.5 -6.5 -6.4 -6.3
ligand_1307 -8.8 -7.8 -7.3 -7.3 -7.0 -6.9 -6.8 -6.8 -6.7 -6.5 -6.4 -6.3 -6.3 -6.2 -6.2 -6.2 -6.2 -6.1 -6.0
ligand_1308 -9.0 -8.2 -7.7 -7.5 -7.2 -6.8 -6.8 -6.7 -6.6 -6.6 -6.6 -6.6 -6.4 -6.4 -6.3 -6.2 -6.2 -6.1 -6.0
ligand_1309 -7.3 -7.2 -7.2 -6.8 -6.7 -6.7 -6.3 -6.2 -6.1 -5.9 -5.9 -5.8 -5.6 -5.6 -5.5 -5.5 -5.4 -5.4 -5.4 -5.3
ligand_131 -7.8 -7.6 -7.3 -7.0 -6.9 -6.7 -6.7 -6.7 -6.6 -6.6 -6.5 -6.5 -6.5 -6.5 -6.4 -6.4 -6.3 -6.3 -6.2 -6.1
ligand_1310 -8.3 -8.2 -7.9 -7.5 -7.4 -7.3 -7.0 -7.0 -6.9 -6.2 -6.2 -6.2 -6.2 -6.1 -6.0 -5.9 -5.9 -5.8 -5.6 -5.4
ligand_1311 -8.1 -7.6 -7.0 -7.0 -6.9 -6.9 -6.8 -6.8 -6.7 -6.1 -6.1 -6.0 -5.9 -5.9 -5.9 -5.7 -5.5 -5.5 -5.4 -5.3
ligand_1312 -8.2 -7.4 -7.1 -7.0 -6.8 -6.7 -6.6 -6.5 -6.4 -6.3 -6.3 -6.2 -6.1 -6.0 -5.9 -5.7 -5.7 -5.6 -5.6
ligand_1313 -8.1 -8.1 -8.0 -7.8 -7.5 -7.4 -7.3 -7.3 -7.2 -7.2 -7.1 -7.0 -6.9 -6.9 -6.7 -6.6 -6.5 -6.5 -6.4 -6.4
ligand_1314 -7.7 -7.7 -7.6 -7.4 -7.2 -7.1 -7.0 -7.0 -6.8 -6.8 -6.7 -6.6 -6.4 -6.4 -6.4 -6.3 -6.2 -6.2 -6.1 -6.1
ligand_1315 -8.3 -7.3 -6.9 -6.9 -6.7 -6.5 -6.5 -6.5 -6.5 -6.4 -6.3 -6.3 -6.2 -6.2 -6.1 -6.1 -5.9 -5.7 -5.7 -5.6
ligand_1316 -8.6 -8.6 -7.5 -7.4 -7.3 -7.1 -7.0 -7.0 -6.9 -6.5 -6.3 -6.1 -6.0 -6.0 -6.0 -5.9 -5.8
ligand_1317 -8.2 -7.7 -6.9 -6.7 -6.7 -6.6 -6.6 -6.5 -6.4 -6.4 -6.4 -6.3 -6.3 -6.2 -6.2 -6.1 -6.1 -6.0 -6.0 -5.8
ligand_1318 -8.2 -7.5 -6.8 -6.8 -6.7 -6.6 -6.5 -6.5 -6.5 -6.5 -6.5 -6.3 -6.3 -6.2 -6.2 -6.1 -5.9 -5.9 -5.9 -5.9
ligand_1319 -8.4 -8.1 -7.7 -7.4 -7.2 -7.1 -7.0 -7.0 -6.9 -6.9 -6.8 -6.4 -6.3 -6.2 -6.2 -6.2 -5.9 -5.8 -5.7 -5.6
ligand_132 -8.1 -8.0 -7.9 -7.6 -7.3 -7.2 -7.1 -7.1 -7.0 -6.9 -6.9 -6.8 -6.8 -6.6 -6.4 -6.4 -6.4 -6.2 -6.2 -6.1
ligand_1320 -8.0 -7.8 -7.2 -7.2 -7.2 -7.0 -7.0 -7.0 -6.8 -6.7 -6.6 -6.3 -6.3 -6.3 -6.2 -6.1 -6.0 -6.0 -6.0 -6.0
ligand_1321 -8.1 -7.9 -7.2 -7.2 -7.2 -7.1 -6.9 -6.9 -6.7 -6.7 -6.6 -6.5 -6.5 -6.5 -6.4 -6.3 -6.2 -6.1 -6.0 -5.9
ligand_1322 -8.2 -7.6 -7.5 -7.2 -7.1 -6.9 -6.8 -6.8 -6.4 -6.0 -5.9 -5.8 -5.7 -5.7 -5.6 -5.6 -5.6 -5.5 -5.4 -5.4
ligand_1323 -7.6 -7.5 -7.4 -7.3 -7.2 -7.1 -7.1 -7.0 -6.9 -6.9 -6.9 -6.8 -6.8 -6.7 -6.6 -6.5 -6.3 -6.2 -6.2 -5.9
ligand_1324 -7.7 -7.5 -7.5 -7.3 -7.2 -7.1 -7.1 -7.1 -7.0 -6.8 -6.8 -6.7 -6.7 -6.4 -6.4 -6.3 -6.3 -6.3 -6.3 -6.0
ligand_1325 -8.1 -7.2 -6.6 -6.6 -6.4 -6.2 -6.2 -6.1 -6.0 -6.0 -5.9 -5.8 -5.6 -5.4 -5.4 -5.3 -5.3 -5.1
ligand_1326 -7.9 -7.1 -6.3 -6.3 -6.2 -6.2 -5.7 -5.7 -5.5 -5.4 -5.4 -5.4 -5.3 -5.3 -5.3 -5.2 -5.1 -5.1 -5.0 -4.9
ligand_1327 -8.5 -8.3 -7.5 -7.4 -7.4 -7.3 -7.3 -6.9 -6.8 -6.6 -6.3 -6.1 -6.1 -6.1 -6.0 -5.9 -5.8 -5.8 -5.7 -5.7
ligand_1328 -8.4 -7.8 -7.2 -6.6 -6.5 -6.5 -6.4 -6.4 -6.4 -6.4 -6.3 -6.2 -6.2 -6.1 -6.1 -5.9 -5.9 -5.8 -5.8 -5.7
ligand_1329 -8.7 -8.2 -7.8 -7.8 -7.8 -7.6 -7.4 -7.4 -7.3 -7.2 -7.2 -7.2 -6.9 -6.9 -6.8 -6.7 -6.7 -6.7 -6.6 -6.6
ligand_133 -8.7 -8.3 -8.0 -8.0 -7.9 -7.8 -7.8 -7.7 -7.6 -7.6 -7.6 -7.4 -7.4 -7.2 -7.1 -7.1 -7.1 -7.0 -7.0 -6.9
ligand_1330 -7.1 -6.9 -6.6 -6.4 -6.4 -6.4 -6.2 -5.8 -5.8 -5.7 -5.7 -5.5 -5.5 -5.5 -5.3 -5.3 -5.2 -5.1 -5.0 -4.9
ligand_1331 -8.0 -7.7 -7.1 -7.1 -7.0 -7.0 -6.9 -6.8 -6.7 -6.5 -6.4 -6.4 -6.3 -6.1 -6.1 -6.1 -5.9 -5.8 -5.6 -5.5
ligand_1332 -8.0 -7.4 -7.3 -7.1 -7.1 -6.9 -6.9 -6.8 -6.8 -6.7 -6.4 -6.4 -6.3 -6.2 -6.1 -6.0 -6.0 -5.9 -5.8 -5.8
ligand_1333 -8.7 -8.5 -8.4 -7.8 -7.8 -7.6 -7.6 -7.5 -7.4 -7.4 -7.3 -7.1 -7.0 -7.0 -7.0 -6.9 -6.8 -6.7 -6.6 -6.5
ligand_1334 -8.4 -8.0 -7.3 -7.3 -7.2 -7.1 -7.0 -7.0 -6.9 -6.7 -6.7 -6.6 -6.6 -6.6 -6.5 -6.2 -6.1 -6.0 -5.9 -5.8
ligand_1335 -8.1 -7.7 -7.5 -7.4 -7.3 -7.3 -7.2 -7.2 -7.1 -6.8 -6.8 -6.6 -6.6 -6.5 -6.4 -6.4 -6.3 -6.2 -6.1 -5.8
ligand_1336 -7.5 -7.0 -6.8 -6.8 -6.4 -6.3 -6.2 -6.2 -6.1 -6.1 -6.0 -6.0 -5.8 -5.7 -5.6 -5.6 -5.6 -5.5 -5.5 -5.5
ligand_1337 -6.9 -6.8 -6.7 -6.5 -6.5 -6.3 -6.2 -6.2 -6.1 -6.0 -5.9 -5.7 -5.6 -5.5 -5.4 -5.4 -5.4 -5.3 -5.2 -5.1
ligand_1338 -7.8 -7.5 -6.6 -6.6 -6.5 -6.5 -6.5 -6.4 -6.2 -6.1 -6.1 -5.9 -5.8 -5.7 -5.7 -5.6 -5.5 -5.5 -5.4 -5.3
ligand_1339 -7.4 -7.3 -6.7 -6.7 -6.6 -6.6 -6.5 -6.5 -6.4 -6.3 -6.2 -6.0 -6.0 -5.9 -5.9 -5.9 -5.7 -5.6 -5.6 -5.6
ligand_134 -8.3 -7.9 -7.9 -7.7 -7.7 -7.6 -7.5 -7.4 -7.4 -7.4 -7.3 -7.2 -7.2 -7.1 -6.8 -6.7 -6.6 -6.6 -6.6 -6.6
ligand_1340 -7.4 -7.0 -7.0 -6.8 -6.6 -6.6 -6.6 -6.4 -6.1 -6.0 -6.0 -6.0 -5.9 -5.9 -5.8 -5.7 -5.7 -5.6 -5.5 -5.4
ligand_1341 -7.6 -7.0 -6.5 -6.5 -6.4 -6.2 -6.1 -6.0 -5.9 -5.9 -5.9 -5.8 -5.8 -5.6 -5.6 -5.5 -5.5 -5.5 -5.5 -5.4
ligand_1342 -7.7 -7.0 -7.0 -6.5 -6.5 -6.4 -6.3 -6.3 -6.1 -5.9 -5.9 -5.9 -5.8 -5.8 -5.8 -5.7 -5.7 -5.7 -5.6 -5.3
ligand_1343 -7.3 -6.9 -6.8 -6.8 -6.8 -6.6 -6.6 -6.6 -6.4 -6.4 -6.3 -6.2 -6.1 -6.1 -5.9 -5.8 -5.8 -5.8 -5.8 -5.7
ligand_1344 -7.1 -7.1 -6.7 -6.5 -6.5 -6.4 -6.3 -6.2 -6.2 -6.2 -6.2 -6.1 -5.9 -5.8 -5.7 -5.5 -5.3 -5.3 -5.2 -5.2
ligand_1345 -7.9 -7.7 -7.6 -7.3 -7.1 -6.8 -6.7 -6.7 -6.3 -6.3 -6.3 -6.2 -6.2 -6.1 -6.1 -6.0 -6.0 -6.0 -5.7 -5.7
ligand_1346 -7.5 -7.2 -7.2 -7.2 -7.2 -7.1 -7.1 -6.9 -6.9 -6.7 -6.6 -6.5 -6.3 -6.1 -6.0 -6.0 -5.9 -5.8 -5.8 -5.7
ligand_1347 -7.7 -7.5 -7.5 -7.3 -7.2 -7.2 -7.1 -7.0 -6.9 -6.7 -6.7 -6.7 -6.7 -6.4 -6.3 -6.3 -6.3 -6.1 -6.1 -5.9
ligand_1348 -7.0 -6.9 -6.9 -6.9 -6.8 -6.6 -6.6 -6.6 -6.6 -6.3 -6.3 -6.0 -5.9 -5.9 -5.8 -5.7 -5.4 -5.4 -5.3 -5.2
ligand_1349 -7.6 -7.3 -6.5 -6.5 -6.4 -6.3 -6.1 -6.1 -6.0 -5.7 -5.6 -5.5 -5.5 -5.3 -5.3 -5.3 -5.1 -5.1 -5.1 -5.0
ligand_135 -8.3 -8.0 -7.9 -7.8 -7.3 -7.3 -7.3 -7.1 -7.1 -7.0 -6.6 -6.6 -6.5 -6.3 -6.3 -6.3 -6.1 -6.0 -6.0
ligand_1350 -8.7 -8.5 -8.5 -8.2 -7.9 -7.8 -7.5 -7.5 -7.4 -7.4 -7.3 -7.0 -6.9 -6.9 -6.9 -6.6 -6.6 -6.5 -6.5 -6.4
ligand_1351 -7.1 -7.0 -6.8 -6.7 -6.7 -6.6 -6.4 -6.3 -6.3 -6.1 -6.1 -6.1 -5.9 -5.9 -5.9 -5.8 -5.6 -5.6 -5.6 -5.4
ligand_1352 -8.6 -7.7 -7.7 -7.7 -7.5 -7.3 -7.0 -6.9 -6.8 -6.6 -6.6 -6.3 -6.3 -6.2 -6.0 -6.0 -5.8 -5.7 -5.7 -5.6
ligand_1353 -8.2 -7.3 -7.2 -7.1 -7.1 -7.0 -6.8 -6.8 -6.6 -6.5 -6.5 -6.5 -6.3 -6.1 -6.1 -6.1 -6.1 -5.9 -5.9 -5.9
ligand_1354 -7.5 -7.3 -7.2 -6.9 -6.8 -6.7 -6.7 -6.5 -6.4 -6.2 -6.0 -6.0 -5.9 -5.8 -5.7 -5.4 -5.3 -5.3 -5.2 -5.1
ligand_1355 -7.8 -7.5 -7.5 -7.5 -7.4 -7.4 -7.3 -7.3 -7.2 -7.2 -7.2 -7.2 -7.1 -7.1 -7.1 -7.0 -7.0 -7.0 -7.0 -6.9
ligand_1356 -7.9 -7.7 -7.6 -7.5 -7.5 -7.5 -7.3 -7.3 -7.2 -7.2 -7.1 -7.0 -6.8 -6.8 -6.7 -6.7 -6.7 -6.7 -6.5 -6.4
ligand_1357 -7.7 -7.6 -7.5 -7.5 -7.4 -7.3 -7.3 -7.2 -7.2 -7.1 -7.1 -7.0 -7.0 -7.0 -6.8 -6.8 -6.8 -6.7 -6.7 -6.7
ligand_1358 -7.7 -7.6 -7.4 -7.3 -7.3 -7.2 -7.2 -7.1 -7.1 -7.0 -6.9 -6.8 -6.8 -6.7 -6.6 -6.5 -6.5 -6.5 -6.4 -6.4
ligand_1359 -8.1 -7.9 -7.1 -7.0 -6.7 -6.7 -6.5 -6.4 -6.3 -6.3 -6.3 -6.2 -6.0 -6.0 -5.9 -5.8 -5.6 -5.5 -5.4 -5.4
ligand_136 -8.2 -8.1 -7.8 -7.6 -7.5 -7.4 -7.4 -7.3 -7.3 -7.3 -7.2 -7.2 -7.0 -7.0 -6.9 -6.9 -6.8 -6.7 -6.7 -6.6
ligand_1360 -7.1 -7.1 -6.9 -6.9 -6.6 -6.5 -6.3 -6.3 -6.1 -6.0 -5.9 -5.8 -5.7 -5.5 -5.5 -5.3 -5.3 -5.2 -5.0 -5.0
ligand_1361 -8.0 -7.9 -7.7 -7.5 -7.5 -7.4 -7.3 -7.1 -6.8 -6.7 -6.6 -6.6 -6.5 -6.4 -6.3 -6.3 -6.2 -6.2 -6.2 -6.1
ligand_1362 -8.0 -7.9 -7.7 -7.5 -7.5 -7.3 -7.2 -7.1 -7.1 -6.9 -6.8 -6.6 -6.6 -6.6 -6.4 -6.2 -6.2 -6.2 -6.1 -6.1
ligand_1363 -7.6 -6.9 -6.8 -6.4 -6.4 -6.4 -6.2 -6.2 -6.0 -6.0 -5.9 -5.8 -5.7 -5.7 -5.7 -5.6 -5.6 -5.5 -5.5 -5.5
ligand_1364 -8.5 -8.4 -8.1 -7.9 -7.8 -7.5 -7.4 -7.4 -7.3 -7.3 -7.1 -7.0 -7.0 -6.9 -6.7 -6.7 -6.6 -6.5 -6.5 -6.2
ligand_1365 -7.3 -6.9 -6.6 -6.5 -6.5 -6.4 -6.4 -6.2 -6.1 -6.1 -5.8 -5.8 -5.8 -5.8 -5.7 -5.7 -5.6 -5.4 -5.3 -5.3
ligand_1366 -7.2 -7.1 -7.0 -6.9 -6.6 -6.6 -6.6 -6.5 -6.5 -6.5 -6.4 -6.4 -6.2 -6.1 -6.1 -6.0 -6.0 -5.9 -5.8 -5.7
ligand_1367 -7.7 -7.6 -7.4 -7.0 -6.8 -6.8 -6.6 -6.6 -6.4 -6.4 -6.1 -5.9 -5.9 -5.8 -5.4 -5.4 -5.3 -5.2 -5.1 -5.1
ligand_1368 -8.0 -7.8 -7.7 -7.6 -7.4 -7.3 -7.3 -7.1 -7.0 -6.9 -6.8 -6.7 -6.7 -6.5 -6.5 -6.3 -6.1 -6.1 -6.0 -5.9
ligand_1369 -7.8 -7.7 -7.6 -7.6 -7.6 -7.6 -7.2 -6.8 -6.7 -6.7 -6.6 -6.6 -6.6 -6.6 -6.4 -6.2 -6.1 -6.1 -6.0 -5.9
ligand_137 -8.5 -8.4 -8.2 -8.1 -8.1 -8.0 -7.8 -7.3 -7.3 -7.2 -7.1 -7.0 -6.9 -6.8 -6.7 -6.5 -6.4 -6.3 -6.3 -6.2
ligand_1370 -6.4 -6.3 -6.2 -6.1 -5.8 -5.6 -5.6 -5.5 -5.4 -5.4 -5.4 -5.3 -5.3 -5.1 -5.0 -4.9 -4.9 -4.9 -4.9 -4.8
ligand_1371 -6.4 -6.4 -6.4 -6.3 -6.2 -6.2 -6.2 -6.0 -5.9 -5.7 -5.7 -5.5 -5.5 -5.4 -5.3 -5.3 -5.3 -5.2 -5.0 -4.9
ligand_1372 -8.4 -7.5 -7.2 -7.2 -7.1 -7.0 -6.9 -6.9 -6.9 -6.7 -6.7 -6.6 -6.5 -6.5 -6.3 -6.1 -6.1 -6.1 -6.1 -5.8
ligand_1373 -8.1 -7.5 -7.4 -7.1 -7.1 -7.0 -6.9 -6.7 -6.6 -6.3 -6.2 -6.0 -6.0 -6.0 -5.9 -5.7 -5.6 -5.6 -5.5 -5.4
ligand_1374 -8.1 -7.7 -7.3 -7.2 -7.1 -7.0 -7.0 -6.8 -6.8 -6.6 -6.4 -6.4 -6.2 -6.2 -5.7 -5.7 -5.6 -5.6 -5.6 -5.4
ligand_1375 -7.8 -7.1 -7.1 -6.9 -6.8 -6.7 -6.7 -6.7 -6.4 -6.1 -6.0 -5.9 -5.9 -5.6 -5.6 -5.3 -5.2 -5.0 -5.0 -4.9
ligand_1376 -7.9 -7.0 -6.6 -6.6 -6.5 -6.4 -6.3 -6.2 -6.2 -6.2 -6.1 -6.1 -6.0 -5.9 -5.7 -5.7 -5.7 -5.5 -5.5 -5.5
ligand_1377 -7.4 -7.1 -7.0 -7.0 -6.8 -6.7 -6.6 -6.5 -6.4 -6.3 -6.3 -6.3 -6.2 -6.2 -6.1 -6.1 -6.0 -5.9 -5.9 -5.8
ligand_1378 -7.5 -7.4 -7.3 -7.2 -7.1 -6.9 -6.8 -6.8 -6.8 -6.8 -6.7 -6.7 -6.7 -6.6 -6.5 -6.5 -6.5 -6.4 -6.4 -6.3
ligand_1379 -7.5 -7.5 -7.5 -7.4 -7.1 -6.9 -6.9 -6.7 -6.7 -6.4 -6.4 -6.3 -6.2 -6.1 -6.0 -6.0 -6.0 -6.0 -6.0 -5.9
ligand_138 -8.3 -8.1 -8.1 -8.0 -7.6 -7.4 -7.2 -6.9 -6.9 -6.8 -6.8 -6.6 -6.5 -6.5 -6.3 -6.3 -6.3 -6.3 -6.2 -6.1
ligand_1380 -8.0 -7.8 -7.7 -7.7 -7.6 -7.5 -7.5 -7.3 -7.2 -7.0 -6.9 -6.8 -6.7 -6.6 -6.4 -6.3 -6.3 -6.2 -6.1 -6.0
ligand_1381 -9.2 -8.4 -8.0 -8.0 -7.8 -7.8 -7.7 -7.5 -7.4 -7.2 -7.0 -6.9 -6.8 -6.7 -6.7 -6.6 -6.5
ligand_1382 -8.8 -8.5 -8.2 -8.1 -8.1 -7.9 -7.7 -7.5 -6.9 -6.9 -6.7 -6.7 -6.6 -6.6 -6.6 -6.5 -6.5 -6.4 -6.3 -6.2
ligand_1383 -8.0 -7.8 -7.7 -7.6 -7.2 -7.0 -7.0 -6.9 -6.8 -6.7 -6.5 -6.3 -6.2 -6.0 -5.9 -5.8 -5.6 -5.5 -5.4 -5.3
ligand_1384 -7.8 -7.4 -7.4 -7.1 -7.0 -6.7 -6.5 -6.5 -6.4 -6.1 -6.0 -5.9 -5.7 -5.7 -5.7 -5.7 -5.7 -5.7 -5.6 -5.4
ligand_1385 -9.1 -8.7 -8.5 -8.2 -8.0 -7.8 -7.7 -7.7 -7.2 -7.1 -6.9 -6.9 -6.9 -6.6 -6.6 -6.3
ligand_1386 -9.6 -9.3 -9.1 -8.9 -8.8 -8.5 -8.5 -8.3 -8.3 -8.1 -7.9 -7.9 -7.9 -7.8 -7.4 -7.4 -7.1 -7.1 -6.8 -6.7
ligand_1387 -9.7 -9.1 -8.7 -8.7 -8.6 -8.3 -8.2 -8.2 -7.8 -7.7 -7.7 -7.5 -7.4 -7.4 -7.4 -7.3 -7.3 -7.3 -6.8 -6.8
ligand_1388 -9.0 -8.5 -8.0 -7.9 -7.8 -7.7 -7.4 -7.4 -7.3 -7.3 -7.2 -7.1 -7.0 -7.0 -7.0 -6.9 -6.8 -6.6 -6.3 -6.1
ligand_1389 -9.3 -9.1 -8.8 -8.7 -8.5 -8.2 -8.2 -8.2 -8.1 -7.8 -7.7 -7.7 -7.7 -7.2 -7.2 -7.0 -7.0 -6.9 -6.8 -6.8
ligand_139 -8.4 -8.3 -8.2 -7.9 -7.6 -7.2 -7.1 -7.0 -7.0 -6.9 -6.8 -6.8 -6.8 -6.8 -6.7 -6.7 -6.6 -6.6 -6.6 -6.3
ligand_1390 -8.9 -8.2 -8.1 -7.7 -7.5 -7.4 -7.1 -7.1 -7.1 -7.0 -7.0 -7.0 -7.0 -6.9 -6.8 -6.7 -6.6 -6.5 -6.5 -6.2
ligand_1391 -9.4 -8.7 -8.6 -8.0 -7.8 -7.7 -7.5 -7.4 -7.1 -7.1 -6.9 -6.8 -6.8 -6.7 -6.7 -6.5 -6.5 -6.5
ligand_1392 -8.0 -7.8 -7.7 -7.3 -7.0 -6.9 -6.6 -6.5 -6.4 -6.2 -5.7 -5.6 -5.6 -5.6 -5.5 -5.4 -5.3 -5.3 -5.1 -5.0
ligand_1393 -8.9 -8.5 -8.2 -7.7 -7.6 -7.5 -7.5 -7.3 -7.3 -7.1 -7.1 -6.8 -6.8 -6.6 -6.6 -6.5 -6.5 -6.5 -6.4 -6.4
ligand_1394 -8.8 -8.4 -8.3 -8.2 -7.9 -7.4 -7.4 -7.4 -7.2 -7.0 -6.7 -6.6 -6.5 -6.4 -6.3 -6.2 -6.2 -6.2 -6.0 -5.9
ligand_1395 -9.2 -8.5 -8.4 -8.2 -8.0 -8.0 -7.9 -7.6 -7.3 -7.3 -7.2 -7.1 -7.0 -6.6 -6.5 -6.3 -6.3 -6.3
ligand_1396 -8.8 -8.3 -8.0 -7.8 -7.5 -7.3 -7.2 -7.2 -7.2 -7.2 -7.1 -6.9 -6.8 -6.7 -6.5 -6.4 -6.4 -6.4 -6.3 -6.3
ligand_1397 -9.2 -8.9 -8.7 -8.2 -8.1 -8.1 -7.9 -7.8 -7.5 -7.4 -7.1 -6.9 -6.8 -6.7 -6.6 -6.6 -6.6 -6.5 -6.3 -6.3
ligand_1398 -7.7 -7.7 -7.3 -7.3 -7.0 -6.9 -6.9 -6.9 -6.6 -6.6 -6.5 -6.3 -6.2 -6.2 -5.9 -5.9 -5.9 -5.9 -5.8 -5.7
ligand_1399 -8.6 -8.3 -7.7 -7.6 -7.5 -7.4 -7.3 -7.1 -6.8 -6.8 -6.7 -6.7 -6.6 -6.3 -6.2 -6.2 -6.1 -6.0 -6.0 -5.9
ligand_14 -8.4 -8.4 -8.1 -8.0 -8.0 -7.6 -7.4 -7.4 -7.3 -7.2 -7.1 -6.9 -6.8 -6.7 -6.7 -6.6 -6.5 -6.4 -6.3 -6.2
ligand_140 -7.4 -7.3 -7.2 -7.2 -7.1 -7.0 -7.0 -6.8 -6.6 -6.4 -6.3 -6.2 -6.2 -6.2 -6.2 -6.1 -6.1 -6.1 -6.1 -6.0
ligand_1400 -9.4 -9.2 -8.6 -8.6 -8.5 -8.3 -8.0 -7.9 -7.8 -7.7 -7.5 -7.3 -7.2 -7.1 -6.9 -6.8 -6.8 -6.6 -6.5 -6.5
ligand_1401 -9.5 -8.8 -8.8 -8.6 -8.1 -8.0 -8.0 -7.8 -7.7 -7.7 -7.5 -7.2 -7.1 -7.1 -6.9 -6.8 -6.8 -6.8 -6.7 -6.6
ligand_1402 -8.6 -8.6 -8.5 -8.4 -8.4 -8.2 -8.2 -7.7 -7.5 -7.5 -7.3 -7.3 -7.1 -7.1 -7.0 -6.7 -6.7 -6.7 -6.7 -6.6
ligand_1403 -9.2 -8.9 -8.7 -8.7 -8.5 -8.4 -8.4 -8.3 -8.1 -7.9 -7.8 -7.7 -7.6 -7.5 -7.4 -7.4 -7.3 -7.3 -7.2 -7.2
ligand_1404 -9.0 -8.9 -8.7 -8.6 -8.5 -8.4 -8.4 -8.2 -7.7 -7.6 -7.4 -7.4 -7.3 -7.3 -7.2 -7.1 -7.1 -6.8 -6.7 -6.7
ligand_1405 -9.2 -8.9 -8.5 -8.3 -8.3 -8.1 -8.1 -7.8 -7.7 -7.7 -7.6 -7.6 -7.6 -7.4 -7.4 -7.3 -7.2 -7.2 -7.1 -7.0
ligand_1406 -8.7 -8.5 -8.0 -7.8 -7.6 -7.6 -7.5 -7.4 -7.2 -7.2 -7.2 -7.2 -7.1 -7.0 -7.0 -6.8 -6.7 -6.7 -6.7 -6.7
ligand_1407 -8.9 -8.5 -8.0 -7.8 -7.8 -7.5 -7.4 -7.4 -7.3 -7.2 -7.1 -7.0 -6.9 -6.9 -6.8 -6.8 -6.8 -6.7 -6.7 -6.5
ligand_1408 -8.8 -8.8 -8.8 -8.5 -8.5 -8.4 -8.3 -8.2 -7.7 -7.5 -7.5 -7.5 -7.2 -7.2 -7.0 -7.0 -7.0 -6.9 -6.9 -6.8
ligand_1409 -7.4 -7.4 -7.3 -7.1 -7.0 -6.9 -6.8 -6.8 -6.8 -6.4 -6.4 -6.3 -6.3 -6.3 -6.3 -5.9 -5.8 -5.8 -5.7 -5.6
ligand_141 -7.4 -7.1 -7.1 -7.1 -7.0 -6.7 -6.6 -6.5 -6.5 -6.3 -6.2 -6.2 -6.2 -5.9 -5.9 -5.8 -5.8 -5.8 -5.7 -5.7
ligand_1410 -8.3 -8.2 -8.0 -7.6 -7.4 -7.2 -7.0 -7.0 -7.0 -7.0 -6.7 -6.5 -6.4 -6.4 -6.3 -6.3 -6.2 -6.1 -6.0 -5.9
ligand_1411 -8.4 -8.2 -8.2 -8.0 -7.8 -7.6 -7.1 -7.1 -6.9 -6.9 -6.8 -6.8 -6.7 -6.7 -6.6 -6.6 -6.5 -6.4 -6.2
ligand_1412 -8.1 -7.8 -7.8 -7.4 -7.2 -7.2 -7.1 -6.9 -6.8 -6.7 -6.6 -6.4 -6.3 -6.2 -6.0 -5.9 -5.7 -5.7 -5.1
ligand_1413 -8.8 -8.5 -8.3 -8.1 -8.0 -8.0 -7.9 -7.8 -7.8 -7.6 -7.5 -7.4 -7.3 -7.1 -6.9 -6.7 -6.7 -6.6 -6.6 -6.6
ligand_1414 -7.7 -7.6 -7.5 -7.5 -7.5 -7.4 -7.4 -7.4 -7.2 -7.2 -7.1 -7.1 -6.9 -6.8 -6.8 -6.8 -6.7 -6.7 -6.4 -6.0
ligand_1415 -9.2 -9.2 -8.8 -8.2 -8.1 -7.9 -7.6 -7.5 -7.4 -7.4 -7.2 -6.8 -6.6 -6.5 -6.5 -6.3 -6.3 -6.2
ligand_1416 -8.4 -7.6 -7.5 -7.4 -7.3 -7.3 -7.2 -7.1 -6.9 -6.8 -6.8 -6.5 -6.2 -6.1 -6.1 -6.1 -6.0 -5.9 -5.9 -5.7
ligand_1417 -9.7 -9.0 -8.8 -8.7 -8.5 -7.9 -7.9 -7.7 -7.7 -7.6 -7.5 -7.5 -7.5 -7.4 -7.2 -6.8 -6.7 -6.7
ligand_1418 -9.3 -9.0 -8.8 -8.6 -8.4 -8.2 -7.8 -7.5 -7.3 -7.3 -7.1 -7.0 -6.9 -6.9 -6.7 -6.6 -6.5
ligand_1419 -9.3 -9.1 -8.6 -8.5 -7.5 -7.3 -7.3 -7.2 -7.1 -6.9 -6.8 -6.8 -6.8 -6.7 -6.7 -6.6 -6.4 -6.4 -6.3
ligand_142 -7.7 -7.6 -7.5 -7.5 -7.3 -7.1 -7.1 -7.0 -7.0 -6.8 -6.8 -6.7 -6.6 -6.4 -6.3 -6.2 -6.1 -6.0 -6.0 -5.9
ligand_1420 -8.5 -8.2 -7.6 -7.6 -7.6 -7.4 -7.4 -7.3 -7.3 -7.3 -7.3 -7.1 -7.0 -6.9 -6.9 -6.9 -6.7 -6.7 -6.5 -6.4
ligand_1421 -8.8 -8.3 -8.3 -7.9 -7.7 -7.6 -7.3 -7.3 -7.3 -7.1 -7.1 -7.0 -6.9 -6.7 -6.5 -6.4 -6.3 -6.1 -6.0 -5.9
ligand_1422 -8.9 -8.3 -7.9 -7.7 -7.7 -7.7 -7.5 -7.5 -7.3 -6.9 -6.9 -6.8 -6.7 -6.6 -6.6 -6.5 -6.5 -6.3 -6.3 -6.2
ligand_1423 -9.8 -9.3 -8.9 -8.4 -8.3 -8.1 -7.8 -7.7 -7.7 -7.7 -7.6 -7.5 -7.3 -7.0 -7.0 -7.0 -6.8
ligand_1424 -9.9 -9.0 -8.9 -8.7 -8.7 -8.7 -8.6 -8.6 -8.4 -8.3 -8.3 -8.1 -8.0 -7.9 -7.5 -7.5 -7.3 -7.3 -7.1 -6.9
ligand_1425 -9.5 -8.9 -8.6 -8.5 -7.9 -7.9 -7.6 -7.6 -7.5 -7.3 -7.1 -7.1 -7.0 -7.0 -6.7 -6.6 -6.6 -6.6
ligand_1426 -8.5 -8.5 -8.4 -8.4 -7.6 -7.4 -7.2 -7.1 -6.9 -6.9 -6.9 -6.9 -6.8 -6.7 -6.6 -6.6 -6.6 -6.5 -6.5 -6.4
ligand_1427 -9.4 -9.2 -9.2 -9.0 -8.8 -8.8 -8.7 -8.6 -8.5 -8.2 -7.8 -7.8 -7.7 -7.3 -7.2 -7.2 -7.1 -7.0 -6.8 -6.8
ligand_1428 -8.6 -8.5 -8.5 -8.0 -7.3 -6.9 -6.8 -6.8 -6.7 -6.7 -6.7 -6.6 -6.6 -6.5 -6.3 -6.3 -6.3 -6.2 -6.2 -6.2
ligand_1429 -9.0 -8.4 -8.2 -8.1 -7.8 -7.8 -7.7 -7.5 -7.2 -7.1 -7.1 -7.1 -6.7 -6.7 -6.7 -6.6 -6.5 -6.5 -6.4 -6.4
ligand_143 -8.3 -7.9 -7.7 -7.3 -7.0 -6.9 -6.8 -6.8 -6.7 -6.7 -6.6 -6.4 -6.4 -6.2 -6.1 -6.0 -5.9 -5.8 -5.8
ligand_1430 -9.3 -9.1 -9.0 -8.4 -8.0 -7.5 -7.3 -7.3 -7.2 -7.1 -6.9 -6.8 -6.8 -6.5 -6.5 -6.4 -6.3
ligand_1431 -9.2 -9.2 -8.9 -8.4 -8.3 -8.2 -7.9 -7.6 -7.4 -7.4 -7.3 -7.3 -7.3 -7.3 -7.2 -7.0 -6.8 -6.8 -6.5
ligand_1432 -8.7 -8.7 -8.2 -7.8 -7.4 -7.3 -7.3 -7.3 -7.1 -7.1 -7.1 -7.1 -7.1 -7.1 -6.9 -6.9 -6.7 -6.7 -6.5 -6.5
ligand_1433 -9.6 -9.3 -9.1 -8.6 -8.0 -8.0 -7.8 -7.8 -7.6 -7.5 -7.3 -7.3 -7.2 -7.1 -7.0 -6.9 -6.9 -6.8 -6.7
ligand_1434 -9.3 -9.1 -9.0 -8.4 -7.7 -7.6 -7.4 -7.2 -7.2 -6.9 -6.9 -6.7 -6.6 -6.5 -6.5 -6.4 -6.3 -6.3 -6.3
ligand_1435 -9.3 -9.2 -9.1 -9.1 -8.9 -8.6 -8.5 -8.3 -8.2 -8.0 -7.9 -7.9 -7.6 -7.5 -7.3 -7.3 -7.2 -7.2 -7.1 -7.1
ligand_1436 -9.2 -8.8 -8.6 -8.6 -8.5 -8.4 -8.2 -8.2 -7.8 -7.7 -7.6 -7.6 -6.9 -6.9 -6.6 -6.5 -6.3 -6.3 -6.2
ligand_1437 -9.3 -8.9 -8.8 -8.7 -8.6 -8.6 -8.6 -8.5 -8.3 -8.2 -8.1 -7.9 -7.9 -7.8 -7.8 -7.8 -7.7 -7.6 -7.6 -7.6
ligand_1438 -9.6 -9.6 -9.2 -9.0 -8.9 -8.8 -8.7 -8.7 -8.6 -8.5 -8.4 -8.4 -8.4 -8.4 -8.2 -7.8 -7.8 -7.8 -7.6 -7.5
ligand_1439 -8.7 -8.7 -8.6 -7.7 -7.2 -7.1 -7.0 -6.9 -6.5 -6.5 -6.4 -6.4 -6.1 -6.1 -6.0 -6.0
ligand_144 -7.9 -7.8 -7.8 -7.8 -7.7 -7.4 -7.2 -7.2 -7.0 -7.0 -6.9 -6.9 -6.9 -6.9 -6.7 -6.6 -6.6 -6.6 -6.6 -6.3
ligand_1440 -8.8 -8.7 -8.7 -8.6 -8.3 -7.9 -7.9 -7.8 -7.7 -7.4 -7.4 -7.3 -7.2 -7.0 -6.9 -6.7 -6.7 -6.5 -6.4 -6.3
ligand_1441 -9.6 -8.9 -8.8 -8.7 -8.4 -8.2 -8.0 -7.8 -7.6 -7.4 -7.4 -7.3 -7.0 -6.9 -6.9 -6.8 -6.8 -6.8 -6.8
ligand_1442 -9.3 -9.3 -9.3 -8.4 -8.3 -8.0 -7.9 -7.8 -7.7 -7.7 -7.6 -7.6 -7.5 -7.3 -7.3 -7.2 -7.2 -7.2 -7.1 -6.9
ligand_1443 -8.7 -8.6 -8.3 -7.4 -7.3 -7.2 -7.2 -7.1 -6.9 -6.8 -6.6 -6.6 -6.5 -6.5 -6.4 -6.4 -6.4 -6.4 -6.4 -6.3
ligand_1444 -9.7 -9.2 -9.2 -9.2 -8.9 -8.7 -8.5 -8.3 -8.1 -7.9 -7.8 -7.6 -7.6 -7.4 -7.4 -7.1 -7.0 -7.0 -6.8 -6.8
ligand_1445 -9.7 -9.4 -8.8 -8.8 -8.8 -8.2 -7.9 -7.7 -7.7 -7.2 -7.1 -6.9 -6.8 -6.7
ligand_1446 -9.2 -9.1 -8.7 -8.2 -8.1 -7.8 -7.7 -7.6 -7.3 -7.2 -7.1 -7.0 -7.0 -6.9 -6.9 -6.9 -6.8 -6.5 -6.5 -6.5
ligand_1447 -9.1 -9.1 -8.8 -8.8 -8.8 -8.5 -8.4 -8.2 -8.1 -7.7 -7.6 -7.5 -7.5 -7.5 -7.3 -7.3 -7.1 -7.1 -6.9 -6.6
ligand_1448 -9.5 -9.4 -8.9 -8.9 -8.8 -8.3 -8.2 -7.9 -7.8 -7.8 -7.8 -7.7 -7.7 -7.7 -7.6 -7.5 -7.4 -7.4 -7.4 -7.3
ligand_1449 -9.5 -9.1 -9.0 -8.7 -8.5 -8.0 -7.9 -7.9 -7.9 -7.8 -7.5 -7.5 -7.3 -7.3 -7.2 -6.9 -6.8 -6.6 -6.6 -6.5
ligand_145 -8.2 -8.1 -7.7 -7.4 -7.4 -7.1 -7.1 -7.0 -6.8 -6.8 -6.8 -6.8 -6.7 -6.4 -6.4 -6.4 -6.3 -6.3 -6.2 -6.2
ligand_1450 -9.8 -9.3 -8.8 -8.8 -8.7 -7.7 -7.7 -7.6 -7.5 -7.4 -7.4 -7.2 -7.2 -7.1 -7.1 -7.0 -7.0 -7.0 -6.8
ligand_1451 -9.5 -9.2 -9.0 -9.0 -8.9 -8.8 -8.6 -8.2 -8.1 -8.1 -8.0 -7.8 -7.6 -7.3 -7.3 -7.3 -7.2 -7.1 -7.1 -6.9
ligand_1452 -9.0 -8.9 -8.7 -8.2 -8.0 -7.9 -7.3 -7.2 -7.1 -7.1 -7.0 -7.0 -6.9 -6.6 -6.2 -6.1 -6.0 -6.0
ligand_1453 -9.7 -9.0 -8.3 -8.1 -8.1 -8.0 -7.9 -7.7 -7.6 -7.5 -7.5 -7.4 -7.4 -7.2 -7.1 -7.1 -7.0 -7.0 -6.9 -6.8
ligand_1454 -9.6 -9.6 -9.2 -9.1 -8.9 -8.6 -8.6 -8.4 -8.2 -8.1 -8.0 -7.9 -7.7 -7.5 -7.4 -7.4 -7.2 -7.0 -7.0 -6.9
ligand_1455 -9.9 -9.2 -9.0 -8.8 -8.5 -8.1 -8.0 -7.7 -7.3 -7.2 -7.2 -7.1 -7.0
ligand_1456 -9.4 -8.8 -8.7 -8.6 -8.2 -8.1 -8.0 -7.9 -7.5 -7.5 -7.5 -7.2 -7.1 -7.0 -6.8 -6.7 -6.7 -6.6 -6.5 -6.5
ligand_1457 -9.5 -9.0 -8.7 -8.7 -8.1 -7.6 -7.6 -7.4 -7.4 -7.0 -6.9 -6.9 -6.8 -6.8 -6.7 -6.6
ligand_1458 -10.0 -9.0 -8.9 -8.8 -8.4 -8.0 -7.8 -7.7 -7.6 -7.5 -7.3 -7.3 -7.2 -7.2 -7.1 -7.0
ligand_1459 -8.9 -8.4 -8.4 -8.3 -8.0 -8.0 -7.6 -7.5 -7.3 -7.1 -6.8 -6.5 -6.4 -6.2 -6.2 -6.0 -6.0 -5.9 -5.9
ligand_146 -7.6 -7.4 -7.1 -7.1 -6.9 -6.7 -6.7 -6.7 -6.7 -6.7 -6.6 -6.4 -6.1 -6.1 -6.1 -6.0 -5.8 -5.7 -5.7 -5.7
ligand_1460 -8.7 -8.4 -8.3 -8.3 -8.2 -7.7 -7.7 -7.6 -7.6 -7.6 -7.5 -7.4 -7.4 -7.2 -6.9 -6.8 -6.6 -6.6 -6.6 -6.5
ligand_1461 -9.2 -8.8 -8.8 -8.5 -8.1 -8.0 -7.9 -7.8 -7.8 -7.6 -7.5 -7.4 -7.4 -7.2 -7.1 -7.0 -6.8 -6.7 -6.7 -6.6
ligand_1462 -9.6 -9.0 -8.8 -8.8 -8.4 -7.9 -7.8 -7.8 -7.5 -7.3 -7.2 -7.1 -6.8 -6.6
ligand_1463 -9.7 -9.4 -9.0 -8.7 -8.5 -8.0 -7.8 -7.7 -7.7 -7.5 -7.1 -7.0 -6.9
ligand_1464 -7.4 -7.4 -7.3 -7.2 -7.0 -6.9 -6.7 -6.6 -6.6 -6.6 -6.5 -6.5 -6.4 -6.4 -6.4 -6.4 -6.4 -6.1 -6.0 -5.7
ligand_1465 -7.7 -7.6 -7.6 -7.6 -7.4 -7.2 -7.2 -7.2 -6.9 -6.7 -6.5 -6.4 -6.4 -6.2 -6.2 -6.0 -6.0 -5.9 -5.9 -5.8
ligand_1466 -7.9 -7.8 -7.7 -7.6 -7.4 -7.3 -7.2 -7.1 -6.8 -6.7 -6.7 -6.6 -6.5 -6.4 -6.4 -6.4 -6.3 -6.3 -6.2 -6.2
ligand_1467 -8.3 -8.2 -7.7 -7.7 -7.6 -7.6 -7.3 -7.3 -7.2 -7.0 -6.9 -6.9 -6.9 -6.8 -6.8 -6.7 -6.6 -6.5 -6.5 -6.4
ligand_1468 -8.0 -7.9 -7.8 -7.8 -7.5 -7.5 -7.5 -7.3 -7.1 -7.1 -7.0 -6.4 -6.3 -6.3 -6.2 -6.1 -6.1 -6.1 -6.0 -5.8
ligand_1469 -9.0 -8.3 -8.1 -7.6 -7.5 -7.5 -7.5 -7.3 -7.1 -7.0 -6.7 -6.5 -6.4 -6.3 -6.3 -6.3 -6.2 -6.2 -6.2 -6.2
ligand_147 -8.3 -8.0 -8.0 -7.9 -7.6 -7.6 -7.6 -7.5 -7.4 -7.4 -7.4 -7.4 -7.4 -7.3 -7.3 -7.3 -7.3 -7.2 -7.1 -7.1
ligand_1470 -9.5 -9.0 -8.7 -8.6 -7.9 -7.8 -7.7 -7.6 -7.4 -7.3 -7.1 -7.0 -7.0 -6.7 -6.7 -6.7 -6.7 -6.6
ligand_1471 -8.7 -8.5 -8.2 -8.1 -8.0 -7.9 -7.9 -7.8 -7.6 -7.5 -7.4 -7.4 -7.4 -6.8 -6.6 -6.6 -6.6 -6.4 -6.1 -6.0
ligand_1472 -8.9 -8.5 -8.1 -8.0 -7.7 -7.7 -7.7 -7.3 -7.1 -7.1 -6.8 -6.4 -6.3 -6.2 -6.0 -5.9 -5.9
ligand_1473 -9.2 -9.0 -8.6 -8.4 -8.1 -8.0 -7.6 -7.5 -7.5 -7.3 -7.2 -7.1 -7.0 -6.9 -6.8 -6.6 -6.6 -6.2
ligand_1474 -9.5 -9.2 -8.8 -8.5 -8.2 -8.2 -8.0 -7.9 -7.8 -7.5 -7.5 -7.4 -7.1 -7.0 -6.9 -6.8 -6.8 -6.6 -6.6 -6.5
ligand_1475 -8.1 -8.0 -7.9 -7.9 -7.9 -7.7 -7.6 -7.5 -7.5 -7.3 -7.3 -7.2 -7.2 -7.1 -7.0 -7.0 -6.9 -6.9 -6.8 -6.7
ligand_1476 -9.5 -8.9 -8.4 -8.2 -8.0 -7.9 -7.7 -7.6 -7.3 -7.1 -7.1 -7.1 -7.0 -6.9 -6.9 -6.9 -6.8 -6.6
ligand_1477 -9.1 -8.6 -8.5 -7.2 -7.1 -7.0 -6.9 -6.8 -6.5 -6.4 -6.2 -6.1
ligand_1478 -9.2 -8.5 -8.5 -7.7 -7.3 -7.1 -7.0 -6.9 -6.5 -6.4 -6.4 -6.4 -6.4 -6.4 -6.3
ligand_1479 -9.4 -9.2 -8.3 -8.3 -8.3 -8.2 -7.8 -7.8 -7.5 -7.1 -7.0 -6.8 -6.7
ligand_148 -7.7 -7.7 -7.6 -7.5 -7.4 -7.4 -7.1 -7.1 -7.0 -6.9 -6.6 -6.5 -6.4 -6.3 -6.3 -6.3 -6.1 -6.1 -5.9 -5.9
ligand_1480 -9.6 -9.0 -8.5 -8.4 -8.1 -7.8 -7.8 -7.8 -7.7 -7.6 -7.5 -7.4 -7.0 -7.0 -6.8 -6.8
ligand_1481 -8.5 -8.2 -8.2 -8.2 -8.1 -7.6 -7.5 -7.4 -7.4 -7.0 -7.0 -6.9 -6.9 -6.9 -6.9 -6.8 -6.8 -6.7 -6.6 -6.5
ligand_1482 -9.7 -9.5 -9.1 -8.8 -8.4 -8.2 -8.1 -8.1 -7.6 -7.6 -7.5 -7.5 -7.0 -6.9 -6.9
ligand_1483 -8.9 -8.6 -8.4 -8.4 -8.3 -8.2 -8.1 -8.0 -7.9 -7.8 -7.3 -7.3 -7.3 -7.2 -7.2 -7.2 -7.1 -6.8 -6.8 -6.8
ligand_1484 -9.5 -8.8 -8.3 -8.1 -7.9 -7.8 -7.8 -7.5 -7.5 -7.5 -7.4 -7.3 -7.3 -7.3 -7.0 -6.9 -6.8 -6.8 -6.7 -6.6
ligand_1485 -9.5 -9.0 -8.9 -8.7 -8.2 -8.2 -8.0 -8.0 -7.9 -7.8 -7.7 -7.7 -7.5 -7.2 -7.0 -7.0 -6.9 -6.9 -6.8 -6.7
ligand_1486 -8.3 -8.1 -7.9 -7.9 -7.8 -7.5 -7.4 -7.4 -7.4 -7.0 -7.0 -6.9 -6.7 -6.7 -6.6 -6.5 -6.5 -6.4 -6.4 -6.4
ligand_1487 -8.7 -8.4 -8.0 -7.8 -7.7 -7.4 -7.3 -7.3 -7.2 -7.1 -7.1 -7.0 -6.9 -6.8 -6.7 -6.6 -6.5 -6.5 -6.5 -6.3
ligand_149 -8.3 -8.0 -7.9 -7.5 -7.4 -7.2 -7.2 -7.1 -7.0 -7.0 -6.9 -6.9 -6.9 -6.8 -6.8 -6.7 -6.6 -6.5 -6.5 -6.4
ligand_15 -8.7 -8.7 -8.7 -8.6 -8.4 -8.1 -7.9 -7.8 -7.7 -7.7 -7.6 -7.6 -7.4 -7.3 -7.2 -7.1 -7.0 -7.0 -6.9 -6.8
ligand_150 -8.0 -7.9 -7.6 -7.5 -7.3 -7.3 -7.3 -7.2 -7.2 -7.0 -6.8 -6.8 -6.7 -6.7 -6.6 -6.3 -6.1 -6.1 -6.0 -5.9
ligand_151 -7.9 -7.8 -7.8 -7.7 -7.5 -7.4 -7.4 -7.2 -7.1 -7.1 -7.1 -6.9 -6.9 -6.8 -6.8 -6.7 -6.7 -6.7 -6.6 -6.6
ligand_152 -7.7 -7.7 -7.6 -7.5 -7.4 -7.2 -7.1 -7.0 -6.9 -6.9 -6.8 -6.7 -6.7 -6.7 -6.6 -6.6 -6.5 -6.5 -6.4 -6.4
ligand_153 -7.7 -7.7 -7.2 -7.1 -7.1 -7.0 -7.0 -6.9 -6.9 -6.8 -6.8 -6.8 -6.7 -6.6 -6.4 -6.4 -6.2 -6.1 -6.0 -6.0
ligand_154 -7.5 -7.5 -7.4 -7.3 -7.3 -7.1 -7.0 -6.9 -6.9 -6.9 -6.8 -6.8 -6.6 -6.6 -6.5 -6.3 -6.1 -6.1 -5.8 -5.8
ligand_155 -7.9 -7.8 -7.5 -7.3 -7.2 -7.1 -7.0 -7.0 -6.8 -6.7 -6.5 -6.4 -6.4 -6.0 -6.0 -6.0 -5.9 -5.9 -5.8 -5.6
ligand_156 -8.4 -8.3 -8.3 -8.2 -8.1 -8.1 -8.0 -7.9 -7.8 -7.8 -7.8 -7.8 -7.3 -7.3 -7.3 -7.3 -7.3 -7.2 -7.1 -7.1
ligand_157 -7.5 -7.3 -7.1 -6.9 -6.9 -6.8 -6.8 -6.8 -6.7 -6.7 -6.5 -6.5 -6.4 -6.4 -6.3 -6.2 -6.2 -6.1 -6.0 -5.8
ligand_158 -8.0 -7.7 -7.0 -6.9 -6.9 -6.8 -6.7 -6.7 -6.7 -6.6 -6.5 -6.4 -6.3 -6.3 -5.9 -5.9 -5.8 -5.8 -5.6 -5.5
ligand_159 -8.2 -8.1 -8.0 -7.7 -7.5 -7.5 -7.2 -7.2 -7.1 -7.1 -7.1 -6.9 -6.9 -6.9 -6.9 -6.8 -6.8 -6.7 -6.7 -6.7
ligand_16 -8.3 -8.1 -7.6 -7.5 -7.3 -7.0 -6.9 -6.8 -6.7 -6.5 -6.5 -6.4 -6.4 -6.4 -6.3 -6.3 -6.3 -6.1 -6.1 -6.0
ligand_160 -8.3 -8.2 -8.0 -7.9 -7.8 -7.7 -7.6 -7.6 -7.5 -7.4 -7.4 -7.3 -7.1 -6.8 -6.7 -6.6 -6.6 -6.6 -6.4 -6.1
ligand_161 -7.0 -7.0 -6.8 -6.8 -6.7 -6.7 -6.7 -6.6 -6.6 -6.5 -6.5 -6.4 -6.3 -6.2 -6.2 -6.1 -6.1 -6.0 -6.0 -5.8
ligand_162 -8.0 -7.9 -7.7 -7.7 -7.7 -7.7 -7.7 -7.7 -7.6 -7.5 -7.4 -7.1 -6.8 -6.5 -6.4 -6.3 -6.3 -6.3 -6.2 -6.1
ligand_163 -8.0 -7.8 -7.8 -7.7 -7.7 -7.6 -7.3 -7.3 -7.1 -7.1 -7.0 -6.5 -6.5 -6.5 -6.5 -6.5 -6.4 -6.4 -6.3 -6.2
ligand_164 -8.1 -7.6 -7.5 -7.5 -7.4 -7.3 -7.3 -7.2 -7.2 -7.1 -7.1 -7.0 -6.9 -6.9 -6.7 -6.6 -6.6 -6.6 -6.5 -6.4
ligand_165 -7.7 -7.4 -7.1 -7.0 -7.0 -7.0 -6.9 -6.9 -6.8 -6.8 -6.7 -6.6 -6.5 -6.1 -5.9 -5.9 -5.8 -5.7 -5.7 -5.7
ligand_166 -8.3 -8.3 -8.3 -8.2 -8.2 -7.9 -7.8 -7.7 -7.6 -7.6 -7.3 -7.3 -7.2 -7.1 -7.0 -7.0 -6.9 -6.9 -6.9 -6.8
ligand_167 -8.0 -7.6 -7.5 -7.4 -7.2 -7.1 -6.8 -6.7 -6.6 -6.5 -6.5 -6.5 -6.5 -6.5 -6.4 -6.3 -6.2 -6.2 -6.1 -6.0
ligand_168 -7.8 -7.8 -7.6 -7.3 -7.1 -7.1 -6.9 -6.9 -6.9 -6.8 -6.7 -6.7 -6.6 -6.6 -6.6 -6.6 -6.5 -6.3 -6.3 -6.2
ligand_169 -8.5 -8.3 -8.1 -8.0 -7.9 -7.8 -7.8 -7.7 -7.7 -7.7 -7.5 -7.5 -7.5 -7.5 -7.3 -7.1 -7.0 -7.0 -6.6 -6.6
ligand_17 -8.6 -8.5 -7.9 -7.6 -7.5 -7.2 -7.1 -7.1 -7.0 -7.0 -6.9 -6.8 -6.8 -6.7 -6.5 -6.4 -6.3 -6.2 -6.1 -6.0
ligand_170 -7.5 -7.3 -7.3 -7.1 -7.0 -7.0 -6.8 -6.7 -6.6 -6.4 -6.3 -6.2 -6.2 -6.1 -6.0 -5.9 -5.9 -5.5 -5.5 -5.5
ligand_171 -7.5 -7.4 -7.4 -7.3 -7.1 -6.9 -6.6 -6.5 -6.5 -6.5 -6.1 -6.0 -6.0 -6.0 -5.7 -5.5 -5.5 -5.4 -5.4 -5.4
ligand_172 -8.0 -7.9 -7.8 -7.7 -7.7 -7.4 -7.3 -7.2 -7.1 -7.0 -6.9 -6.9 -6.9 -6.9 -6.9 -6.8 -6.8 -6.8 -6.8 -6.7
ligand_173 -8.2 -8.1 -8.0 -7.8 -7.7 -7.3 -7.2 -7.1 -7.0 -6.9 -6.8 -6.5 -6.4 -6.4 -6.4 -6.3 -6.3 -6.2 -6.2 -6.2
ligand_174 -7.9 -7.9 -7.9 -7.3 -7.3 -7.1 -7.1 -7.1 -6.9 -6.9 -6.8 -6.8 -6.8 -6.7 -6.6 -6.6 -6.2 -6.2 -5.8 -5.7
ligand_175 -9.0 -8.3 -8.0 -7.5 -7.4 -7.3 -7.2 -7.2 -7.1 -7.0 -7.0 -7.0 -6.9 -6.9 -6.8 -6.8 -6.7 -6.7 -6.7 -6.6
ligand_176 -7.9 -7.9 -7.9 -7.5 -7.5 -7.3 -7.2 -7.0 -7.0 -7.0 -6.9 -6.8 -6.8 -6.6 -6.5 -6.5 -6.4 -6.4 -6.4 -6.3
ligand_177 -7.1 -7.1 -6.8 -6.8 -6.7 -6.7 -6.6 -6.6 -6.6 -6.5 -6.5 -6.5 -6.3 -6.2 -5.9 -5.8 -5.7 -5.7 -5.6 -5.6
ligand_178 -8.0 -7.9 -7.8 -7.2 -7.2 -7.1 -7.1 -6.9 -6.8 -6.8 -6.7 -6.6 -6.6 -6.6 -6.6 -6.6 -6.5 -6.2 -6.2 -6.0
ligand_179 -7.8 -7.5 -7.2 -7.1 -7.1 -7.0 -6.9 -6.8 -6.8 -6.7 -6.5 -6.4 -6.4 -6.4 -6.4 -6.3 -6.3 -6.2 -6.2 -6.1
ligand_18 -8.4 -8.4 -8.4 -8.2 -8.1 -7.9 -7.7 -7.7 -7.5 -7.5 -7.4 -6.9 -6.8 -6.8 -6.7 -6.7 -6.7 -6.6 -6.4 -6.2
ligand_180 -7.4 -7.3 -7.2 -7.2 -7.1 -7.1 -7.1 -7.0 -6.8 -6.4 -6.1 -5.9 -5.8 -5.7 -5.7 -5.6 -5.5 -5.5 -5.4 -5.3
ligand_181 -8.1 -8.0 -7.4 -7.4 -7.3 -7.2 -7.2 -7.1 -7.0 -6.9 -6.9 -6.9 -6.5 -6.5 -6.4 -6.4 -6.3 -6.3 -6.3 -6.2
ligand_182 -7.9 -7.7 -7.5 -7.0 -6.9 -6.9 -6.9 -6.9 -6.7 -6.7 -6.6 -6.5 -6.5 -6.4 -6.2 -6.1 -6.1 -6.0 -6.0 -6.0
ligand_183 -8.3 -8.3 -8.2 -8.1 -7.8 -7.6 -7.4 -7.4 -7.2 -7.1 -7.0 -6.8 -6.8 -6.8 -6.7 -6.7 -6.6 -6.6 -6.5 -6.4
ligand_184 -7.5 -7.5 -7.3 -7.1 -7.0 -6.9 -6.6 -6.4 -6.4 -6.3 -6.2 -6.0 -6.0 -6.0 -5.9 -5.9 -5.9 -5.6 -5.6 -5.6
ligand_185 -7.5 -7.4 -7.2 -7.1 -7.1 -6.9 -6.9 -6.9 -6.8 -6.8 -6.8 -6.7 -6.7 -6.5 -6.5 -6.3 -6.3 -6.0 -5.8 -5.7
ligand_186 -8.0 -8.0 -7.7 -7.5 -7.4 -7.4 -7.2 -7.2 -7.2 -7.1 -7.0 -7.0 -7.0 -6.9 -6.6 -6.6 -6.5 -6.4 -6.4 -6.3
ligand_187 -7.3 -7.3 -7.2 -7.2 -7.1 -6.9 -6.6 -6.5 -6.5 -6.3 -6.3 -6.3 -6.0 -5.9 -5.9 -5.9 -5.7 -5.6 -5.5 -5.5
ligand_188 -7.6 -7.3 -7.0 -6.9 -6.9 -6.7 -6.7 -6.7 -6.6 -6.4 -6.2 -6.1 -5.8 -5.8 -5.5 -5.4 -5.3 -5.2 -5.1 -5.0
ligand_189 -7.9 -7.8 -7.8 -7.7 -7.4 -7.3 -7.2 -6.8 -6.8 -6.8 -6.8 -6.7 -6.7 -6.6 -6.5 -6.5 -6.3 -6.3 -6.2 -6.2
ligand_19 -8.6 -8.5 -8.5 -8.5 -8.0 -7.9 -7.5 -7.4 -7.3 -7.2 -7.1 -7.0 -6.9 -6.9 -6.8 -6.7 -6.6 -6.6 -6.5 -6.5
ligand_190 -8.1 -8.0 -8.0 -7.7 -7.3 -7.3 -7.1 -7.1 -6.9 -6.7 -6.7 -6.6 -6.6 -6.5 -6.4 -6.4 -6.1 -6.1 -6.0 -5.8
ligand_191 -7.9 -7.9 -7.6 -7.6 -7.3 -7.3 -7.2 -7.2 -7.0 -7.0 -6.8 -6.8 -6.8 -6.8 -6.6 -6.5 -6.5 -6.5 -6.4 -6.4
ligand_192 -7.6 -7.6 -7.4 -7.4 -7.3 -7.1 -7.1 -7.1 -7.0 -7.0 -7.0 -6.9 -6.9 -6.9 -6.7 -6.5 -6.5 -6.4 -6.1 -6.0
ligand_193 -6.9 -6.9 -6.9 -6.6 -6.4 -6.4 -6.3 -6.2 -5.9 -5.8 -5.8 -5.8 -5.7 -5.6 -5.5 -5.5 -5.5 -5.5 -5.4 -5.4
ligand_194 -7.3 -7.2 -7.2 -7.2 -7.1 -7.0 -7.0 -7.0 -7.0 -7.0 -6.8 -6.8 -6.7 -6.7 -6.6 -6.6 -6.3 -6.3 -6.3 -6.2
ligand_195 -8.2 -8.1 -7.8 -7.8 -7.7 -7.6 -7.6 -7.5 -7.5 -7.3 -7.3 -7.1 -7.1 -7.1 -7.0 -6.9 -6.8 -6.7 -6.6 -6.5
ligand_196 -8.1 -7.7 -7.7 -7.7 -7.5 -7.4 -7.4 -7.3 -6.9 -6.8 -6.7 -6.7 -6.6 -6.6 -6.6 -6.6 -6.4 -6.3 -6.3 -6.1
ligand_197 -7.8 -7.6 -7.4 -7.2 -6.7 -6.7 -6.6 -6.6 -6.5 -6.5 -6.5 -6.4 -6.4 -6.3 -6.2 -6.1 -6.0 -6.0 -6.0 -5.8
ligand_198 -7.6 -7.4 -7.1 -7.1 -7.0 -7.0 -7.0 -7.0 -6.7 -6.7 -6.4 -6.4 -6.2 -6.0 -6.0 -5.9 -5.7 -5.7 -5.7 -5.6
ligand_199 -8.0 -7.6 -7.3 -7.3 -7.2 -7.2 -7.1 -7.1 -7.1 -6.9 -6.9 -6.9 -6.9 -6.6 -6.5 -6.4 -6.4 -6.3 -6.2 -6.2
ligand_2 -8.7 -8.1 -7.9 -7.9 -7.9 -7.7 -7.7 -7.7 -7.6 -7.5 -7.5 -7.5 -7.5 -7.4 -7.4 -7.4 -7.4 -7.3 -7.3 -7.2
ligand_20 -7.5 -7.5 -7.3 -7.3 -7.2 -7.2 -7.0 -7.0 -7.0 -7.0 -7.0 -6.8 -6.7 -6.7 -6.6 -6.5 -6.4 -6.4 -6.4 -6.3
ligand_200 -8.2 -8.2 -8.0 -8.0 -7.9 -7.6 -7.5 -7.4 -7.3 -7.3 -7.3 -7.0 -6.8 -6.7 -6.6 -6.6 -6.6 -6.5 -6.5 -6.3
ligand_201 -7.9 -7.5 -7.3 -7.0 -6.8 -6.6 -6.6 -6.6 -6.5 -6.5 -6.5 -6.4 -6.3 -6.3 -6.2 -6.2 -6.2 -6.1 -6.1 -6.0
ligand_202 -7.2 -7.2 -6.9 -6.6 -6.6 -6.4 -6.4 -6.4 -6.3 -6.0 -5.8 -5.8 -5.7 -5.6 -5.6 -5.6 -5.3 -5.3 -5.3 -5.2
ligand_203 -7.7 -7.5 -7.3 -7.2 -7.2 -7.1 -7.1 -7.1 -7.1 -7.1 -6.6 -6.6 -6.5 -6.3 -6.2 -6.0 -6.0 -5.9 -5.9 -5.9
ligand_204 -8.0 -7.7 -7.7 -7.7 -7.4 -7.2 -7.1 -7.0 -6.8 -6.8 -6.7 -6.5 -6.3 -6.1 -5.9 -5.9 -5.8 -5.6 -5.5 -5.3
ligand_205 -7.7 -7.6 -7.5 -7.5 -7.0 -6.9 -6.9 -6.8 -6.8 -6.6 -6.6 -6.5 -6.5 -6.3 -6.2 -6.2 -6.2 -6.1 -6.0 -6.0
ligand_206 -7.9 -7.8 -7.7 -7.6 -7.5 -7.4 -7.3 -7.2 -7.0 -7.0 -6.6 -6.5 -6.5 -6.5 -6.3 -6.3 -6.2 -6.2 -6.1 -5.9
ligand_207 -7.2 -6.9 -6.9 -6.9 -6.8 -6.7 -6.7 -6.7 -6.6 -6.5 -6.4 -6.2 -6.2 -6.2 -6.1 -6.1 -6.1 -6.1 -6.0 -6.0
ligand_208 -7.6 -7.6 -7.3 -7.3 -7.2 -7.2 -7.1 -7.0 -7.0 -7.0 -6.9 -6.8 -6.7 -6.5 -6.5 -6.4 -6.2 -6.2 -6.2 -6.1
ligand_209 -8.2 -7.8 -7.7 -7.6 -7.5 -7.4 -7.4 -7.3 -7.3 -7.2 -7.2 -7.1 -7.0 -6.7 -6.6 -6.5 -6.4 -6.4 -6.3 -6.1
ligand_21 -7.4 -7.3 -7.2 -7.2 -7.1 -7.0 -7.0 -6.9 -6.8 -6.8 -6.7 -6.7 -6.7 -6.6 -6.6 -6.5 -6.4 -6.4 -6.3 -6.2
ligand_210 -8.5 -8.3 -8.3 -8.0 -7.6 -7.5 -7.2 -7.1 -7.1 -7.1 -6.9 -6.9 -6.9 -6.8 -6.8 -6.7 -6.7 -6.6 -6.3
ligand_211 -7.9 -7.9 -7.8 -7.8 -7.6 -7.4 -7.4 -7.1 -7.1 -6.9 -6.8 -6.6 -6.6 -6.4 -6.3 -6.3 -6.2 -6.2 -6.2 -6.1
ligand_212 -8.0 -7.6 -7.5 -7.4 -7.3 -7.3 -7.1 -7.0 -7.0 -6.9 -6.7 -6.6 -6.5 -6.5 -6.5 -6.3 -6.0 -5.9 -5.8 -5.8
ligand_213 -7.6 -7.4 -7.3 -7.1 -6.9 -6.6 -6.5 -6.4 -6.4 -6.4 -6.3 -6.2 -6.2 -6.1 -6.1 -5.9 -5.8 -5.7 -5.7 -5.6
ligand_214 -8.0 -7.8 -7.3 -7.3 -7.3 -7.3 -7.2 -7.2 -7.2 -7.1 -7.1 -7.1 -7.1 -7.1 -6.8 -6.8 -6.3 -6.2 -6.1 -6.0
ligand_215 -8.2 -8.2 -8.2 -8.1 -8.1 -8.0 -7.8 -7.7 -7.7 -7.4 -7.2 -7.2 -7.1 -6.8 -6.6 -6.6 -6.5 -6.5 -6.5 -6.4
ligand_216 -8.4 -8.2 -8.1 -8.1 -8.0 -7.8 -7.8 -7.8 -7.4 -7.4 -7.4 -7.3 -7.1 -7.1 -7.0 -6.9 -6.9 -6.8 -6.7 -6.6
ligand_217 -7.9 -7.6 -7.5 -7.3 -7.3 -7.2 -7.2 -7.2 -6.9 -6.8 -6.8 -6.7 -6.5 -6.4 -6.3 -6.2 -6.2 -6.1 -6.0 -6.0
ligand_218 -7.9 -7.8 -7.7 -7.5 -7.3 -7.3 -7.2 -7.2 -7.2 -7.2 -7.2 -7.1 -7.1 -7.1 -7.0 -6.8 -6.6 -6.6 -6.5 -6.5
ligand_219 -7.1 -7.0 -7.0 -6.8 -6.7 -6.7 -6.7 -6.6 -6.6 -6.6 -6.5 -6.4 -6.3 -6.3 -6.2 -6.2 -6.2 -6.2 -6.1 -6.1
ligand_22 -9.7 -8.8 -8.8 -8.3 -7.9 -7.8 -7.8 -7.3 -7.3 -7.3 -7.3 -7.3 -7.1 -7.0 -6.9 -6.8
ligand_220 -8.3 -8.3 -7.9 -7.9 -7.8 -7.7 -7.6 -7.2 -7.1 -7.0 -7.0 -6.9 -6.7 -6.5 -6.4 -6.3 -6.3 -6.2 -6.2 -6.0
ligand_221 -7.8 -7.7 -7.6 -7.6 -7.5 -7.5 -7.2 -7.2 -7.1 -7.1 -7.0 -7.0 -6.9 -6.8 -6.8 -6.6 -6.5 -6.5 -6.1 -6.0
ligand_222 -8.0 -7.9 -7.6 -7.4 -7.3 -7.1 -7.0 -6.9 -6.5 -6.4 -6.3 -6.3 -6.3 -5.8 -5.8 -5.5 -5.3 -5.2 -5.2 -5.0
ligand_223 -8.6 -8.0 -8.0 -7.9 -7.7 -7.5 -7.4 -7.3 -7.3 -7.1 -7.0 -6.9 -6.8 -6.8 -6.8 -6.4 -6.3 -6.1 -6.0 -6.0
ligand_224 -8.5 -8.3 -8.2 -8.2 -8.1 -8.0 -8.0 -7.9 -7.7 -7.6 -7.5 -7.3 -7.1 -7.0 -6.9 -6.9 -6.8 -6.6 -6.6 -6.6
ligand_225 -7.9 -7.7 -7.7 -7.6 -7.3 -7.3 -7.2 -7.1 -7.1 -7.0 -7.0 -6.8 -6.7 -6.7 -6.6 -6.5 -6.5 -6.4 -6.3 -6.1
ligand_226 -7.5 -7.4 -7.3 -7.2 -7.1 -7.1 -7.0 -6.8 -6.7 -6.7 -6.7 -6.6 -6.6 -6.5 -6.4 -6.3 -6.3 -6.2 -6.2 -6.2
ligand_227 -7.5 -7.4 -7.1 -7.0 -7.0 -6.9 -6.9 -6.9 -6.9 -6.8 -6.6 -6.4 -6.3 -6.3 -6.2 -6.2 -6.1 -6.0 -5.9 -5.9
ligand_228 -8.0 -8.0 -7.8 -7.6 -7.4 -7.3 -7.3 -7.2 -7.1 -7.0 -7.0 -7.0 -7.0 -6.8 -6.7 -6.4 -6.4 -6.3 -6.2 -6.0
ligand_229 -7.3 -7.3 -7.3 -7.2 -7.2 -7.1 -7.0 -6.9 -6.2 -6.0 -5.9 -5.9 -5.8 -5.8 -5.8 -5.7 -5.7 -5.6 -5.6 -5.5
ligand_23 -9.8 -9.8 -9.0 -8.7 -8.0 -7.7 -7.4 -7.3 -7.3 -7.2 -7.1 -6.9 -6.8 -6.8
ligand_230 -8.0 -7.7 -7.4 -7.3 -7.3 -7.3 -7.3 -7.0 -6.8 -6.7 -6.5 -6.3 -6.2 -6.2 -6.1 -6.1 -6.0 -6.0 -6.0 -5.9
ligand_231 -7.9 -7.9 -7.7 -7.7 -7.6 -7.5 -7.3 -7.2 -6.9 -6.8 -6.4 -6.4 -6.4 -6.3 -6.3 -6.2 -6.2 -6.2 -6.1 -5.8
ligand_232 -7.7 -7.3 -7.2 -7.2 -7.2 -7.2 -7.1 -7.0 -7.0 -6.7 -6.6 -6.4 -6.3 -6.1 -6.1 -6.0 -6.0 -5.9 -5.8 -5.7
ligand_233 -8.0 -8.0 -7.7 -7.5 -7.4 -7.4 -7.1 -7.1 -7.1 -6.8 -6.7 -6.7 -6.7 -6.6 -6.4 -6.3 -6.2 -6.1 -6.1 -6.0
ligand_234 -7.5 -7.5 -7.4 -7.1 -6.8 -6.7 -6.7 -6.7 -6.5 -6.5 -6.5 -6.5 -6.4 -6.2 -6.2 -6.1 -6.1 -6.0 -5.9 -5.9
ligand_235 -7.5 -7.3 -7.2 -7.2 -7.1 -7.1 -7.0 -7.0 -6.9 -6.8 -6.7 -6.6 -6.6 -6.6 -6.6 -6.3 -6.2 -6.1 -6.0 -5.9
ligand_236 -8.0 -7.9 -7.9 -7.7 -7.2 -7.2 -7.1 -7.0 -6.9 -6.9 -6.9 -6.9 -6.8 -6.8 -6.8 -6.6 -6.6 -6.4 -6.3 -6.2
ligand_237 -7.8 -7.7 -7.7 -7.7 -7.7 -7.5 -7.3 -7.3 -7.3 -7.2 -7.0 -6.9 -6.8 -6.7 -6.7 -6.6 -6.6 -6.5 -6.5 -6.3
ligand_238 -8.5 -8.3 -8.2 -8.1 -7.9 -7.6 -7.4 -7.3 -7.2 -7.2 -6.9 -6.9 -6.9 -6.7 -6.6 -6.2 -6.2 -6.2 -6.1 -6.1
ligand_239 -8.1 -8.1 -7.9 -7.9 -7.6 -7.5 -7.4 -7.0 -7.0 -6.8 -6.8 -6.8 -6.8 -6.6 -6.5 -6.4 -6.3 -6.3 -6.3 -6.1
ligand_24 -7.0 -7.0 -7.0 -6.9 -6.9 -6.7 -6.7 -6.6 -6.6 -6.6 -6.5 -6.5 -6.5 -6.4 -6.4 -6.3 -6.1 -6.0 -6.0 -5.8
ligand_240 -8.0 -8.0 -8.0 -7.7 -7.7 -7.6 -7.5 -7.4 -7.2 -7.2 -7.1 -7.1 -7.0 -6.9 -6.8 -6.6 -6.6 -6.6 -6.6
ligand_241 -7.6 -7.4 -7.2 -7.2 -7.1 -7.1 -7.0 -6.9 -6.9 -6.8 -6.7 -6.7 -6.6 -6.5 -6.3 -6.2 -6.2 -6.0 -6.0 -5.8
ligand_242 -6.9 -6.7 -6.7 -6.7 -6.6 -6.5 -6.5 -6.4 -6.3 -6.1 -6.0 -6.0 -6.0 -6.0 -6.0 -5.9 -5.8 -5.7 -5.6 -5.5
ligand_243 -7.8 -7.2 -7.2 -7.1 -7.1 -7.1 -7.0 -6.9 -6.9 -6.7 -6.5 -6.5 -6.4 -6.4 -6.2 -6.2 -6.2 -6.2 -6.2 -5.9
ligand_244 -8.4 -8.0 -8.0 -8.0 -7.9 -7.9 -7.9 -7.8 -7.6 -7.6 -7.6 -7.5 -7.3 -7.2 -7.2 -7.2 -6.8 -6.7 -6.5 -6.5
ligand_245 -8.1 -7.8 -7.5 -7.4 -7.2 -7.2 -7.0 -7.0 -6.8 -6.7 -6.6 -6.6 -6.5 -6.4 -6.3 -6.3 -6.3 -6.2 -6.1
ligand_246 -7.7 -7.6 -7.5 -7.4 -7.1 -7.1 -7.0 -7.0 -6.9 -6.8 -6.8 -6.6 -6.6 -6.5 -6.5 -6.4 -6.3 -6.3 -6.1 -5.9
ligand_247 -9.5 -9.2 -8.9 -8.7 -7.8 -7.8 -7.7 -7.7 -7.6 -7.5 -7.4 -7.3 -7.0 -6.8 -6.8 -6.8 -6.7 -6.7 -6.5
ligand_248 -7.8 -7.6 -7.6 -7.6 -7.5 -7.5 -7.4 -7.4 -7.3 -7.2 -7.2 -6.9 -6.8 -6.7 -6.4 -6.3 -6.2 -6.2 -6.2 -6.2
ligand_249 -8.2 -8.0 -7.9 -7.9 -7.8 -7.5 -7.5 -7.4 -7.4 -7.3 -7.2 -7.2 -7.2 -7.2 -7.1 -7.1 -7.0 -7.0 -7.0 -6.9
ligand_25 -7.9 -7.8 -7.6 -7.3 -7.1 -6.8 -6.7 -6.7 -6.6 -6.6 -6.5 -6.4 -6.4 -6.4 -6.4 -6.2 -6.2 -5.8 -5.8 -5.7
ligand_250 -7.4 -7.4 -7.4 -7.1 -7.0 -7.0 -6.9 -6.8 -6.6 -6.2 -6.1 -6.1 -5.9 -5.8 -5.7 -5.7 -5.7 -5.6 -5.6 -5.6
ligand_251 -8.1 -8.1 -8.0 -7.8 -7.6 -7.4 -7.2 -7.1 -6.9 -6.9 -6.8 -6.7 -6.7 -6.6 -6.4 -6.3 -6.2 -6.2 -6.1 -5.9
ligand_252 -7.4 -7.3 -7.3 -7.2 -7.1 -7.0 -7.0 -6.9 -6.8 -6.8 -6.6 -6.6 -6.6 -6.6 -6.5 -6.4 -6.4 -6.2 -6.1 -6.0
ligand_253 -7.9 -7.4 -7.4 -7.3 -6.8 -6.8 -6.8 -6.8 -6.8 -6.7 -6.7 -6.7 -6.6 -6.6 -6.5 -6.5 -6.4 -6.3 -6.3 -6.2
ligand_254 -7.7 -7.4 -7.1 -7.1 -7.0 -6.8 -6.6 -6.6 -6.6 -6.6 -6.3 -6.2 -6.2 -6.1 -6.0 -6.0 -6.0 -5.8 -5.7 -5.6
ligand_255 -8.0 -7.8 -7.8 -7.7 -7.6 -7.5 -7.5 -7.4 -7.4 -7.2 -7.0 -6.7 -6.7 -6.6 -6.6 -6.5 -6.4 -6.4 -6.4 -6.4
ligand_256 -7.6 -7.5 -7.5 -7.4 -7.4 -7.3 -7.3 -7.3 -7.2 -7.2 -6.7 -6.7 -6.6 -6.5 -6.4 -6.3 -6.2 -6.1 -6.0 -5.9
ligand_257 -8.1 -7.7 -7.5 -7.1 -7.0 -7.0 -6.9 -6.9 -6.8 -6.8 -6.8 -6.7 -6.6 -6.6 -6.5 -6.4 -6.2 -6.2 -6.1 -6.1
ligand_258 -7.5 -7.5 -7.5 -7.2 -7.1 -7.1 -6.9 -6.9 -6.9 -6.9 -6.8 -6.6 -6.6 -6.4 -6.3 -6.2 -6.1 -6.1 -6.0 -5.8
ligand_259 -8.1 -7.9 -7.8 -7.7 -7.7 -7.5 -7.5 -7.4 -7.4 -7.3 -7.3 -7.2 -7.2 -7.1 -7.1 -7.1 -7.1 -7.0 -7.0 -6.9
ligand_26 -7.8 -7.8 -7.5 -7.4 -7.1 -7.0 -6.9 -6.9 -6.9 -6.9 -6.8 -6.8 -6.7 -6.6 -6.5 -6.4 -6.3 -6.1 -6.0 -6.0
ligand_260 -8.0 -7.8 -7.4 -7.3 -7.2 -7.1 -7.1 -6.9 -6.7 -6.6 -6.5 -6.5 -6.4 -6.3 -6.3 -6.3 -6.3 -6.2 -6.2 -6.1
ligand_261 -8.3 -8.3 -8.2 -8.2 -8.1 -8.0 -7.9 -7.6 -7.5 -7.4 -7.4 -7.3 -7.2 -6.9 -6.9 -6.7 -6.7 -6.6 -6.6 -6.6
ligand_262 -8.2 -8.0 -7.9 -7.8 -7.7 -7.6 -7.3 -7.3 -7.3 -7.3 -7.1 -7.0 -7.0 -6.9 -6.9 -6.7 -6.5 -6.5 -6.5 -5.9
ligand_263 -8.2 -8.0 -7.6 -7.3 -7.1 -7.0 -7.0 -6.9 -6.8 -6.7 -6.6 -6.5 -6.4 -6.4 -6.3 -6.2 -6.1 -6.1 -6.0 -5.9
ligand_264 -7.5 -7.5 -7.5 -7.2 -7.1 -7.1 -7.0 -6.8 -6.4 -6.4 -6.4 -6.4 -6.4 -6.3 -6.0 -6.0 -6.0 -5.9 -5.9 -5.9
ligand_265 -7.6 -7.5 -7.4 -7.4 -7.3 -7.2 -6.9 -6.8 -6.8 -6.7 -6.6 -6.6 -6.5 -6.4 -6.4 -6.3 -6.2 -6.1 -6.0 -6.0
ligand_266 -7.8 -7.7 -7.5 -7.4 -7.2 -7.2 -7.1 -7.0 -7.0 -7.0 -6.9 -6.8 -6.8 -6.7 -6.6 -6.5 -6.5 -6.4 -6.0 -5.9
ligand_267 -8.5 -7.9 -7.8 -7.8 -7.8 -7.7 -7.7 -7.4 -7.3 -7.2 -7.0 -6.9 -6.7 -6.7 -6.6 -6.6 -6.5 -6.4 -6.4 -6.3
ligand_268 -7.3 -7.0 -6.8 -6.8 -6.7 -6.7 -6.6 -6.6 -6.4 -6.3 -6.2 -6.0 -6.0 -6.0 -5.8 -5.8 -5.7 -5.7 -5.6 -5.6
ligand_269 -7.7 -7.4 -7.4 -7.3 -7.2 -7.1 -7.0 -6.9 -6.8 -6.7 -6.7 -6.6 -6.5 -6.3 -6.3 -6.2 -6.2 -6.1 -6.1 -6.1
ligand_27 -8.1 -8.0 -7.9 -7.5 -7.4 -7.4 -7.3 -7.2 -7.0 -7.0 -7.0 -6.9 -6.9 -6.8 -6.6 -6.6 -6.4 -6.4 -6.2 -6.1
ligand_270 -7.4 -7.3 -7.0 -6.8 -6.7 -6.7 -6.6 -6.4 -6.2 -6.1 -6.0 -5.7 -5.7 -5.6 -5.5 -5.5 -5.4 -5.3 -5.2 -5.1
ligand_271 -8.7 -8.4 -8.1 -8.0 -7.7 -7.7 -7.7 -7.6 -7.6 -7.6 -7.5 -7.4 -7.3 -7.3 -7.1 -7.1 -7.1 -7.1 -6.9 -6.7
ligand_272 -7.8 -7.7 -7.6 -7.6 -7.5 -7.3 -7.3 -7.1 -6.9 -6.8 -6.8 -6.8 -6.6 -6.5 -6.5 -6.4 -6.4 -6.4 -6.4 -6.3
ligand_273 -8.2 -7.7 -7.6 -7.5 -7.3 -7.2 -7.2 -7.1 -7.0 -6.8 -6.7 -6.5 -6.5 -6.5 -6.4 -6.4 -6.3 -6.3 -6.2 -6.2
ligand_274 -8.3 -8.3 -7.9 -7.8 -7.7 -7.6 -7.5 -7.5 -7.3 -7.2 -7.0 -6.9 -6.9 -6.8 -6.8 -6.7 -6.6 -6.5 -6.4 -6.4
ligand_275 -7.8 -7.3 -7.2 -7.2 -7.2 -7.0 -7.0 -6.9 -6.9 -6.9 -6.8 -6.7 -6.7 -6.7 -6.6 -6.5 -6.5 -6.4 -6.3 -6.1
ligand_276 -7.8 -6.9 -6.8 -6.8 -6.8 -6.8 -6.8 -6.8 -6.6 -6.6 -6.5 -6.4 -6.4 -6.3 -6.2 -6.2 -6.2 -6.1 -6.0 -5.8
ligand_277 -7.2 -7.0 -6.7 -6.7 -6.6 -6.5 -6.4 -6.2 -6.0 -6.0 -5.9 -5.8 -5.7 -5.6 -5.5 -5.4 -5.4 -5.4 -5.2 -5.1
ligand_278 -7.8 -7.7 -7.6 -7.4 -7.3 -7.3 -7.2 -7.1 -7.0 -6.9 -6.9 -6.9 -6.8 -6.8 -6.7 -6.6 -6.5 -6.5 -6.5 -6.5
ligand_279 -8.8 -8.7 -8.2 -8.1 -7.9 -7.9 -7.9 -7.8 -7.8 -7.8 -7.7 -7.6 -7.4 -7.1 -7.1 -7.1 -7.1 -7.0 -6.9 -6.9
ligand_28 -8.4 -7.8 -7.7 -7.4 -7.3 -7.2 -7.2 -7.0 -6.8 -6.7 -6.6 -6.6 -6.4 -6.4 -6.4 -6.3 -6.2 -6.1 -6.1 -6.0
ligand_280 -8.3 -7.8 -7.7 -7.7 -7.6 -7.6 -7.5 -7.4 -7.2 -7.2 -7.1 -7.0 -6.9 -6.8 -6.8 -6.7 -6.6 -6.6 -6.4 -6.4
ligand_281 -7.9 -7.7 -7.6 -7.5 -7.4 -7.4 -7.4 -7.2 -7.1 -7.0 -6.9 -6.8 -6.7 -6.7 -6.6 -6.6 -6.6 -6.5 -6.4 -6.2
ligand_282 -7.7 -7.2 -7.1 -7.0 -6.9 -6.9 -6.8 -6.7 -6.4 -6.4 -6.4 -6.4 -6.3 -6.1 -6.0 -5.7 -5.7 -5.6 -5.6 -5.3
ligand_283 -8.1 -8.0 -7.9 -7.7 -7.7 -7.5 -7.5 -7.5 -7.4 -7.3 -7.3 -7.0 -6.9 -6.9 -6.8 -6.7 -6.7 -6.3 -6.2 -6.2
ligand_284 -7.5 -7.1 -7.0 -6.9 -6.9 -6.8 -6.8 -6.7 -6.6 -6.5 -6.4 -6.4 -6.3 -6.2 -6.2 -6.1 -6.1 -6.0 -6.0 -5.9
ligand_285 -7.9 -7.5 -7.4 -7.2 -7.2 -7.2 -7.1 -7.0 -6.9 -6.8 -6.7 -6.7 -6.6 -6.5 -6.4 -6.4 -6.4 -6.4 -6.3 -6.3
ligand_286 -8.5 -8.3 -8.1 -8.0 -8.0 -8.0 -7.8 -7.6 -7.6 -7.5 -7.4 -7.4 -7.2 -7.2 -7.1 -7.1 -7.0 -6.9 -6.8 -6.8
ligand_287 -8.5 -8.4 -8.0 -8.0 -8.0 -8.0 -7.8 -7.8 -7.8 -7.7 -7.6 -7.5 -7.4 -7.4 -7.4 -7.3 -7.3 -7.2 -7.0
ligand_288 -8.3 -7.8 -7.6 -7.4 -7.4 -7.4 -7.3 -7.1 -7.0 -7.0 -7.0 -6.9 -6.8 -6.8 -6.7 -6.7 -6.7 -6.7 -6.6 -6.6
ligand_289 -8.3 -7.8 -7.6 -7.4 -7.3 -7.2 -7.0 -7.0 -7.0 -6.9 -6.8 -6.8 -6.8 -6.6 -6.6 -6.6 -6.5 -6.5 -6.5 -6.3
ligand_29 -8.6 -7.9 -7.8 -7.3 -7.3 -7.1 -6.8 -6.7 -6.7 -6.7 -6.7 -6.6 -6.5 -6.4 -6.4 -6.3 -6.3 -6.2 -6.2 -6.1
ligand_290 -8.0 -7.9 -7.9 -7.5 -7.5 -7.4 -7.4 -7.4 -7.2 -7.2 -7.2 -7.2 -7.1 -7.1 -7.0 -6.7 -6.7 -6.7 -6.6 -6.6
ligand_291 -7.5 -7.4 -7.3 -7.2 -7.1 -6.9 -6.7 -6.7 -6.6 -6.5 -6.5 -6.5 -6.4 -6.4 -6.2 -6.2 -6.1 -6.0 -5.9 -5.9
ligand_292 -7.9 -7.8 -7.1 -7.0 -7.0 -6.9 -6.7 -6.7 -6.6 -6.6 -6.6 -6.6 -6.5 -6.4 -6.3 -6.2 -6.1 -6.1 -6.1 -6.0
ligand_293 -7.9 -7.7 -7.7 -7.3 -7.1 -7.0 -6.9 -6.8 -6.8 -6.6 -6.5 -6.5 -6.5 -6.5 -6.5 -6.4 -6.4 -6.3 -6.3 -6.2
ligand_294 -8.1 -7.3 -7.2 -7.0 -6.9 -6.8 -6.8 -6.7 -6.6 -6.5 -6.5 -6.4 -6.4 -6.4 -6.4 -6.4 -6.3 -6.3 -6.2 -6.1
ligand_295 -8.1 -7.9 -7.4 -7.0 -7.0 -7.0 -7.0 -6.9 -6.9 -6.9 -6.8 -6.8 -6.6 -6.6 -6.5 -6.4 -6.4 -6.4 -6.4 -6.4
ligand_296 -8.1 -7.2 -7.2 -7.2 -7.0 -6.8 -6.7 -6.7 -6.6 -6.6 -6.6 -6.5 -6.5 -6.5 -6.5 -6.5 -6.3 -6.2 -6.2 -6.1
ligand_297 -8.2 -8.0 -7.0 -7.0 -7.0 -6.9 -6.8 -6.7 -6.7 -6.7 -6.6 -6.5 -6.5 -6.5 -6.5 -6.5 -6.5 -6.3 -6.1 -6.1
ligand_298 -8.0 -7.5 -7.5 -7.3 -7.3 -7.2 -7.0 -6.9 -6.9 -6.9 -6.8 -6.7 -6.6 -6.6 -6.6 -6.5 -6.5 -6.5 -6.4 -6.3
ligand_299 -8.4 -8.1 -7.9 -7.9 -7.6 -7.5 -7.4 -7.4 -7.3 -7.1 -7.0 -7.0 -6.8 -6.8 -6.8 -6.8 -6.7 -6.7 -6.5 -6.5
ligand_3 -8.1 -8.0 -7.8 -7.7 -7.7 -7.6 -7.6 -7.6 -7.6 -7.5 -7.4 -7.1 -7.0 -7.0 -6.9 -6.8 -6.7 -6.5 -6.1 -6.1
ligand_30 -7.3 -7.3 -7.0 -7.0 -6.7 -6.6 -6.6 -6.6 -6.5 -6.3 -6.3 -6.3 -6.2 -6.2 -5.9 -5.9 -5.9 -5.8 -5.8 -5.7
ligand_300 -8.3 -8.0 -7.8 -7.6 -7.6 -7.3 -7.3 -7.3 -7.2 -7.2 -7.0 -7.0 -6.8 -6.8 -6.7 -6.7 -6.7 -6.6 -6.5 -6.5
ligand_301 -8.3 -8.3 -8.0 -7.8 -7.7 -7.5 -7.5 -7.4 -7.4 -7.3 -7.3 -7.2 -7.2 -7.1 -7.0 -6.9 -6.9 -6.8 -6.8 -6.6
ligand_302 -7.6 -7.6 -7.2 -7.0 -7.0 -6.9 -6.9 -6.8 -6.7 -6.7 -6.7 -6.7 -6.6 -6.6 -6.6 -6.5 -6.4 -6.4 -6.3 -6.3
ligand_303 -7.8 -7.7 -7.4 -7.4 -7.4 -7.2 -7.1 -7.1 -7.1 -7.0 -6.9 -6.9 -6.8 -6.8 -6.7 -6.5 -6.4 -6.4 -6.4 -6.2
ligand_304 -7.6 -7.4 -7.2 -7.1 -7.0 -6.7 -6.6 -6.6 -6.6 -6.5 -6.5 -6.4 -6.3 -6.3 -6.3 -6.0 -5.8 -5.8 -5.8 -5.7
ligand_305 -7.7 -7.2 -7.1 -6.8 -6.7 -6.7 -6.6 -6.6 -6.6 -6.6 -6.4 -6.4 -6.4 -6.4 -6.3 -6.2 -6.2 -6.2 -6.2 -6.2
ligand_306 -7.9 -7.8 -7.7 -7.7 -7.3 -7.1 -6.9 -6.9 -6.8 -6.7 -6.7 -6.6 -6.6 -6.6 -6.5 -6.4 -6.3 -6.3 -6.3 -6.2
ligand_307 -7.9 -7.8 -7.6 -7.5 -7.2 -7.1 -7.0 -7.0 -7.0 -7.0 -6.8 -6.8 -6.7 -6.6 -6.6 -6.6 -6.6 -6.6 -6.3 -6.2
ligand_308 -7.3 -7.2 -7.1 -7.0 -6.9 -6.8 -6.7 -6.7 -6.6 -6.5 -6.5 -6.4 -6.3 -6.3 -6.3 -6.3 -6.3 -6.2 -6.2 -6.2
ligand_309 -7.2 -7.2 -7.1 -7.0 -6.9 -6.9 -6.9 -6.7 -6.6 -6.6 -6.5 -6.5 -6.3 -6.2 -6.2 -6.2 -6.2 -6.1 -6.1 -6.1
ligand_31 -7.7 -7.0 -6.8 -6.7 -6.6 -6.4 -6.4 -6.2 -6.1 -6.0 -6.0 -6.0 -5.9 -5.8 -5.8 -5.7 -5.7 -5.7 -5.7 -5.5
ligand_310 -8.6 -8.6 -8.1 -7.8 -7.6 -7.6 -7.5 -7.4 -7.3 -7.3 -7.3 -7.3 -7.2 -7.2 -7.2 -7.2 -7.1 -7.0 -6.9 -6.9
ligand_311 -8.6 -8.2 -7.8 -7.5 -7.4 -7.2 -7.2 -7.1 -7.1 -7.1 -7.1 -7.1 -7.1 -7.1 -7.0 -6.9 -6.9 -6.8 -6.8 -6.5
ligand_312 -7.5 -7.3 -7.0 -7.0 -6.9 -6.9 -6.9 -6.8 -6.8 -6.8 -6.6 -6.6 -6.4 -6.4 -6.2 -6.2 -6.0 -5.9 -5.9 -5.9
ligand_313 -7.6 -6.9 -6.9 -6.9 -6.6 -6.6 -6.5 -6.3 -6.3 -6.3 -6.3 -6.2 -6.2 -6.1 -6.1 -6.1 -6.0 -6.0 -5.9 -5.9
ligand_314 -7.7 -7.6 -7.3 -7.2 -7.2 -7.2 -6.9 -6.7 -6.6 -6.6 -6.6 -6.5 -6.4 -6.3 -6.2 -6.1 -5.9 -5.8 -5.8 -5.7
ligand_315 -7.6 -7.5 -7.4 -7.2 -7.2 -6.8 -6.6 -6.6 -6.6 -6.6 -6.5 -6.4 -6.3 -6.2 -6.2 -6.2 -6.2 -6.1 -6.1 -6.0
ligand_316 -8.0 -7.3 -7.2 -7.1 -7.1 -7.0 -6.9 -6.9 -6.9 -6.9 -6.8 -6.8 -6.8 -6.7 -6.6 -6.5 -6.5 -6.3 -6.2 -6.1
ligand_317 -8.0 -7.3 -7.2 -7.0 -6.9 -6.9 -6.8 -6.7 -6.7 -6.6 -6.6 -6.4 -6.3 -6.1 -6.0 -6.0 -5.9 -5.9 -5.7 -5.7
ligand_318 -8.5 -8.4 -7.9 -7.6 -7.6 -7.5 -7.5 -7.3 -7.2 -7.1 -7.0 -7.0 -7.0 -6.9 -6.8 -6.8 -6.7 -6.7 -6.6 -6.5
ligand_319 -8.4 -7.9 -7.7 -7.6 -7.4 -7.4 -7.3 -7.1 -7.0 -7.0 -7.0 -7.0 -7.0 -6.9 -6.9 -6.9 -6.8 -6.8 -6.8 -6.4
ligand_32 -7.7 -7.7 -7.2 -6.8 -6.7 -6.3 -6.3 -6.3 -6.3 -6.0 -5.9 -5.9 -5.8 -5.7 -5.6 -5.5 -5.5 -5.5 -5.4 -5.4
ligand_320 -7.5 -7.4 -7.4 -7.3 -7.1 -7.1 -6.6 -6.5 -6.5 -6.5 -6.4 -6.4 -6.3 -6.3 -6.3 -6.2 -6.2 -6.1 -6.1 -6.0
ligand_321 -7.1 -7.1 -7.1 -7.0 -6.9 -6.8 -6.8 -6.8 -6.7 -6.7 -6.4 -6.4 -6.2 -6.1 -6.1 -6.0 -6.0 -5.9 -5.9 -5.8
ligand_322 -8.3 -8.2 -8.0 -8.0 -7.9 -7.8 -7.7 -7.7 -7.6 -7.5 -7.5 -7.3 -7.3 -7.2 -7.2 -7.1 -7.0 -6.9 -6.8 -6.8
ligand_323 -8.4 -8.2 -7.8 -7.7 -7.7 -7.7 -7.6 -7.5 -7.5 -7.5 -7.5 -7.4 -7.4 -7.3 -7.3 -7.2 -7.0 -6.9 -6.8 -5.7
ligand_324 -7.8 -7.7 -7.7 -7.4 -7.4 -7.3 -7.3 -7.2 -7.1 -7.1 -7.1 -7.1 -6.9 -6.8 -6.6 -6.5 -6.5 -6.5 -6.4 -6.4
ligand_325 -8.2 -8.1 -8.0 -8.0 -7.7 -7.6 -7.6 -7.5 -7.4 -7.4 -7.4 -7.1 -7.1 -7.1 -7.0 -7.0 -7.0 -7.0 -6.9 -6.8
ligand_326 -8.0 -7.3 -7.2 -7.1 -7.1 -7.1 -7.0 -6.9 -6.9 -6.8 -6.8 -6.8 -6.8 -6.7 -6.6 -6.5 -6.5 -6.5 -6.4 -6.4
ligand_327 -8.1 -7.9 -7.7 -7.4 -7.4 -7.3 -7.3 -7.1 -7.0 -7.0 -6.9 -6.8 -6.7 -6.6 -6.6 -6.6 -6.6 -6.5 -6.5 -6.4
ligand_328 -7.3 -7.3 -7.2 -7.1 -7.0 -6.8 -6.7 -6.6 -6.6 -6.6 -6.6 -6.6 -6.4 -6.3 -6.0 -6.0 -5.9 -5.8 -5.8 -5.7
ligand_329 -9.1 -9.1 -8.8 -8.7 -8.6 -8.5 -8.5 -8.3 -8.3 -8.2 -7.5 -7.4 -7.3 -7.3 -7.3 -7.2 -7.0 -6.9 -6.8 -6.6
ligand_33 -7.9 -7.7 -7.5 -7.4 -7.4 -7.3 -7.1 -7.0 -6.7 -6.5 -6.5 -6.5 -6.4 -6.2 -6.2 -6.2 -6.2 -6.1 -6.0 -5.9
ligand_330 -9.0 -9.0 -8.8 -8.5 -8.4 -8.3 -8.1 -8.0 -7.8 -7.8 -7.6 -7.4 -7.4 -7.3 -7.3 -7.0 -7.0 -6.8 -6.6 -6.5
ligand_331 -8.1 -7.6 -7.4 -7.2 -7.1 -6.8 -6.7 -6.5 -6.5 -6.5 -6.4 -6.3 -6.2 -6.2 -6.1 -6.0 -5.8 -5.7 -5.6 -5.6
ligand_332 -9.3 -9.0 -8.4 -7.8 -7.7 -7.6 -7.4 -7.3 -7.2 -7.1 -6.8 -6.8 -6.7 -6.5 -6.5 -6.4 -6.4
ligand_333 -8.8 -8.5 -8.4 -7.8 -7.6 -7.6 -7.5 -7.5 -7.4 -7.3 -7.1 -6.9 -6.9 -6.9 -6.3 -6.3 -6.2 -6.1 -5.8
ligand_334 -8.7 -8.6 -8.3 -8.1 -8.1 -8.0 -7.9 -7.8 -7.6 -7.2 -7.1 -6.8 -6.7 -6.7 -6.7 -6.6 -6.5 -6.5 -6.4 -6.3
ligand_335 -8.1 -7.9 -7.6 -7.5 -7.4 -7.3 -7.3 -7.2 -7.2 -6.8 -6.8 -6.7 -6.7 -6.6 -6.6 -6.6 -6.5 -6.4 -6.3 -6.0
ligand_336 -8.0 -8.0 -7.7 -7.1 -7.0 -6.8 -6.8 -6.6 -6.5 -6.3 -6.1 -6.0 -6.0 -5.9 -5.9 -5.8 -5.8 -5.8 -5.7 -5.6
ligand_337 -8.3 -7.7 -7.6 -7.6 -7.3 -7.0 -6.9 -6.8 -6.8 -6.7 -6.5 -6.4 -6.4 -6.3 -6.2 -6.1 -6.0 -6.0 -5.9 -5.7
ligand_338 -8.0 -7.7 -7.6 -7.3 -7.1 -7.0 -6.9 -6.7 -6.6 -6.5 -6.4 -6.4 -6.4 -6.3 -6.3 -6.2 -6.1 -6.1 -6.0 -5.8
ligand_339 -8.4 -8.0 -7.8 -7.8 -7.4 -7.2 -7.0 -7.0 -6.9 -6.6 -6.6 -6.5 -6.5 -6.4 -6.4 -6.3 -6.1 -5.9 -5.9 -5.8
ligand_34 -8.9 -8.6 -8.4 -8.2 -7.9 -7.9 -7.7 -7.6 -7.5 -7.5 -7.5 -7.4 -7.4 -7.3 -7.3 -7.0 -6.9 -6.8 -6.7 -6.5
ligand_340 -8.4 -8.2 -8.1 -7.6 -7.5 -7.4 -7.3 -7.3 -7.2 -7.0 -7.0 -6.8 -6.8 -6.7 -6.6 -6.6 -6.5 -6.4 -6.3 -6.3
ligand_341 -8.3 -8.0 -7.9 -7.7 -7.6 -7.4 -7.3 -7.3 -7.3 -7.1 -7.1 -7.0 -6.9 -6.7 -6.6 -6.6 -6.5 -6.4 -6.2 -6.2
ligand_342 -8.4 -8.3 -8.1 -7.8 -7.8 -7.7 -7.6 -7.5 -7.4 -7.4 -7.3 -7.1 -7.1 -7.1 -7.0 -6.9 -6.9 -6.8 -6.8 -6.6
ligand_343 -8.5 -7.9 -7.8 -7.5 -7.3 -7.2 -7.2 -7.2 -7.2 -6.8 -6.6 -6.5 -6.5 -6.5 -6.4 -6.2 -6.2 -6.1 -6.0 -6.0
ligand_344 -6.9 -6.8 -6.8 -6.5 -6.5 -6.4 -6.4 -6.3 -6.2 -6.2 -6.2 -6.1 -6.1 -6.0 -6.0 -6.0 -6.0 -6.0 -6.0 -5.9
ligand_345 -8.2 -8.1 -7.7 -7.6 -7.5 -7.2 -7.1 -6.9 -6.9 -6.8 -6.8 -6.8 -6.8 -6.7 -6.5 -6.4 -6.4 -6.3 -6.3 -6.3
ligand_346 -8.0 -8.0 -7.6 -7.3 -7.2 -7.1 -6.9 -6.9 -6.9 -6.8 -6.7 -6.7 -6.6 -6.5 -6.5 -6.3 -6.2 -6.1 -6.1 -6.1
ligand_347 -8.3 -8.3 -8.3 -8.0 -7.5 -7.4 -7.3 -7.2 -7.2 -7.1 -6.9 -6.8 -6.8 -6.7 -6.5 -6.4 -6.4 -6.3 -6.3 -6.3
ligand_348 -8.2 -7.7 -7.4 -7.1 -7.1 -7.0 -6.9 -6.7 -6.7 -6.7 -6.5 -6.5 -6.4 -6.4 -6.4 -6.3 -6.2 -6.1 -6.0 -5.9
ligand_349 -8.1 -8.1 -7.7 -7.5 -7.4 -7.1 -7.0 -6.8 -6.8 -6.6 -6.6 -6.4 -6.3 -6.3 -6.1 -6.1 -5.9 -5.8 -5.7 -5.7
ligand_35 -8.0 -7.6 -7.5 -7.5 -7.5 -7.4 -7.2 -6.9 -6.9 -6.8 -6.6 -6.6 -6.5 -6.4 -6.4 -6.3 -6.3 -6.3 -6.1 -6.1
ligand_350 -8.2 -7.9 -7.9 -7.7 -7.5 -7.4 -7.4 -7.3 -7.2 -7.2 -7.2 -7.1 -7.1 -7.0 -6.8 -6.8 -6.6 -6.6 -6.4 -6.3
ligand_351 -8.3 -7.9 -7.8 -7.5 -7.4 -7.2 -7.0 -6.9 -6.9 -6.9 -6.9 -6.8 -6.7 -6.7 -6.4 -6.4 -6.4 -6.3 -6.1 -6.1
ligand_352 -8.3 -8.1 -8.1 -7.9 -7.5 -7.3 -7.3 -7.3 -7.2 -7.0 -7.0 -7.0 -6.9 -6.9 -6.8 -6.7 -6.5 -6.4 -6.4 -6.4
ligand_353 -8.5 -8.1 -7.9 -7.5 -7.5 -7.3 -7.3 -7.3 -7.2 -7.1 -6.9 -6.7 -6.7 -6.6 -6.5 -6.1 -6.1 -6.0 -6.0 -5.9
ligand_354 -8.3 -8.1 -7.6 -7.3 -7.3 -7.2 -7.2 -7.2 -7.1 -7.1 -7.0 -7.0 -7.0 -7.0 -6.9 -6.8 -6.7 -6.6 -6.5 -6.5
ligand_355 -8.4 -7.9 -7.8 -7.4 -7.2 -7.1 -7.0 -7.0 -6.9 -6.8 -6.7 -6.5 -6.4 -6.3 -6.2 -6.2 -6.2 -6.2 -5.9 -5.9
ligand_356 -7.8 -7.8 -7.4 -7.0 -7.0 -6.9 -6.7 -6.7 -6.6 -6.6 -6.5 -6.5 -6.4 -6.4 -6.4 -6.2 -6.1 -5.9 -5.9 -5.8
ligand_357 -7.8 -7.7 -7.3 -6.9 -6.8 -6.7 -6.5 -6.3 -6.3 -6.2 -6.1 -6.1 -5.9 -5.9 -5.9 -5.8 -5.8 -5.7 -5.6 -5.5
ligand_358 -8.1 -8.1 -7.4 -7.3 -7.3 -7.2 -7.1 -7.1 -6.9 -6.9 -6.7 -6.7 -6.6 -6.4 -6.3 -6.3 -6.2 -6.1 -6.1 -6.0
ligand_359 -8.1 -7.9 -7.8 -7.5 -7.1 -7.1 -6.8 -6.8 -6.7 -6.6 -6.5 -6.4 -6.4 -6.4 -6.4 -6.3 -6.1 -6.0 -5.8 -5.7
ligand_36 -8.0 -7.5 -7.5 -7.5 -7.3 -7.3 -7.2 -7.1 -7.1 -7.1 -7.1 -7.0 -7.0 -6.9 -6.8 -6.8 -6.6 -6.5 -6.5 -6.5
ligand_360 -8.2 -7.8 -7.6 -7.5 -7.4 -7.3 -7.3 -7.3 -7.2 -7.2 -7.1 -7.0 -6.8 -6.8 -6.7 -6.5 -6.4 -6.4 -6.3 -6.2
ligand_361 -8.6 -8.0 -7.8 -7.7 -7.6 -7.6 -7.4 -7.4 -7.3 -7.3 -7.2 -7.2 -6.9 -6.9 -6.9 -6.7 -6.6 -6.6 -6.3 -6.3
ligand_362 -8.4 -7.7 -7.7 -7.5 -7.3 -7.2 -7.2 -7.1 -7.1 -7.0 -6.8 -6.7 -6.7 -6.7 -6.7 -6.6 -6.5 -6.5 -6.5 -6.2
ligand_363 -7.1 -6.8 -6.3 -6.2 -6.2 -6.2 -6.1 -6.1 -6.0 -5.9 -5.8 -5.6 -5.5 -5.5 -5.5 -5.4 -5.2 -5.1 -5.1 -5.1
ligand_364 -8.8 -8.6 -8.5 -8.0 -7.3 -7.3 -7.2 -7.1 -6.9 -6.9 -6.9 -6.8 -6.6 -6.6 -6.6 -6.6 -6.5 -6.4 -6.3 -6.3
ligand_365 -9.5 -9.5 -9.4 -9.2 -9.0 -8.8 -8.7 -8.6 -8.4 -7.8 -7.6 -7.5 -7.4 -7.4 -7.2 -7.1 -7.1 -7.1 -6.9 -6.8
ligand_366 -9.1 -8.7 -8.3 -8.3 -8.2 -8.0 -7.9 -7.7 -7.4 -7.3 -7.3 -7.1 -7.1 -7.1 -7.0 -6.8 -6.8 -6.6 -6.5 -6.4
ligand_367 -9.5 -9.3 -8.8 -8.7 -8.6 -8.3 -8.3 -7.8 -7.8 -7.8 -7.8 -7.8 -7.7 -7.1 -6.9 -6.9 -6.8 -6.7 -6.6 -6.6
ligand_368 -8.8 -8.4 -8.3 -8.2 -7.8 -7.7 -7.6 -7.1 -7.0 -6.9 -6.8 -6.8 -6.6 -6.6 -6.4 -6.3 -6.3 -6.2 -6.2 -6.2
ligand_369 -9.3 -9.2 -9.0 -8.7 -7.8 -7.8 -7.5 -7.3 -7.3 -7.2 -7.2 -7.0 -6.9 -6.8 -6.7 -6.6 -6.5 -6.5 -6.4
ligand_37 -9.0 -8.5 -8.5 -8.5 -8.1 -8.1 -8.0 -7.8 -7.7 -7.7 -7.6 -7.6 -7.5 -7.5 -7.4 -7.2 -7.1 -7.0 -6.9 -6.8
ligand_370 -9.5 -9.1 -8.8 -8.7 -8.7 -8.6 -8.6 -8.3 -8.2 -8.2 -8.0 -7.7 -7.7 -7.3 -7.3 -7.3 -7.3 -7.2 -7.1 -6.9
ligand_371 -9.5 -9.1 -9.1 -8.9 -8.5 -8.5 -8.5 -8.3 -8.2 -7.9 -7.8 -7.8 -7.8 -7.7 -7.4 -7.3 -7.1 -7.0 -6.8 -6.8
ligand_372 -9.5 -8.8 -8.6 -8.4 -8.1 -7.9 -7.9 -7.9 -7.8 -7.7 -7.6 -7.5 -7.4 -7.2 -7.1 -7.0 -6.9 -6.9 -6.8
ligand_373 -9.6 -8.8 -8.4 -8.2 -8.1 -8.0 -7.6 -7.5 -7.4 -7.4 -7.4 -7.2 -7.2 -7.0 -6.7
ligand_374 -9.1 -9.1 -8.8 -8.6 -8.1 -7.7 -7.5 -7.2 -7.2 -7.2 -7.1 -7.0 -6.9 -6.8 -6.7 -6.6 -6.6 -6.5 -6.4 -6.4
ligand_375 -9.1 -9.0 -8.1 -7.7 -7.6 -7.3 -7.1 -7.1 -7.1 -7.0 -6.6 -6.3 -6.3 -6.3 -6.1 -6.1
ligand_376 -9.5 -9.1 -9.0 -8.4 -8.3 -8.3 -7.9 -7.8 -7.8 -7.4 -7.4 -7.3 -7.3 -7.2 -7.0 -6.9 -6.9 -6.7 -6.7 -6.6
ligand_377 -8.7 -8.4 -8.4 -7.7 -7.6 -7.5 -7.3 -7.3 -7.2 -7.2 -6.7 -6.6 -6.6 -6.4 -6.4 -6.4 -6.3 -6.3 -6.2 -6.2
ligand_378 -8.4 -8.2 -8.2 -8.1 -7.9 -7.7 -7.2 -7.2 -7.2 -7.1 -7.0 -6.9 -6.8 -6.8 -6.7 -6.7 -6.6 -6.5 -6.5 -6.3
ligand_379 -9.3 -9.0 -9.0 -8.7 -8.5 -8.2 -8.1 -8.0 -8.0 -7.9 -7.8 -7.6 -7.3 -7.2 -7.2 -6.7 -6.7 -6.6 -6.6 -6.4
ligand_38 -9.1 -8.4 -8.1 -8.0 -7.9 -7.9 -7.6 -7.6 -7.5 -7.4 -7.3 -7.3 -7.2 -7.2 -7.1 -6.9 -6.9 -6.8 -6.7 -6.5
ligand_380 -9.5 -9.3 -9.2 -8.6 -8.5 -8.4 -8.3 -7.8 -7.4 -7.1 -7.0 -7.0 -6.6 -6.6
ligand_381 -9.1 -8.7 -8.5 -8.2 -8.1 -8.1 -8.0 -7.9 -7.7 -7.5 -7.4 -7.3 -7.3 -7.2 -7.1 -7.1 -7.0 -7.0 -6.9 -6.9
ligand_382 -8.5 -7.9 -7.7 -7.6 -7.3 -7.3 -7.3 -7.2 -7.2 -7.1 -6.9 -6.8 -6.7 -6.7 -6.5 -6.3 -6.3 -6.3 -6.2 -6.1
ligand_383 -8.5 -8.0 -7.9 -7.7 -7.6 -7.5 -7.3 -7.2 -7.2 -7.0 -6.9 -6.8 -6.8 -6.7 -6.6 -6.5 -6.4 -6.2 -6.1 -6.1
ligand_384 -8.1 -7.9 -7.8 -7.6 -7.5 -7.1 -7.0 -6.9 -6.9 -6.8 -6.7 -6.6 -6.5 -6.5 -6.3 -6.2 -6.1 -6.0 -5.9 -5.9
ligand_385 -8.0 -8.0 -7.9 -7.6 -7.5 -7.1 -7.0 -6.9 -6.8 -6.8 -6.7 -6.7 -6.6 -6.5 -6.4 -6.3 -6.3 -6.2 -6.2 -6.0
ligand_386 -7.8 -7.8 -7.6 -7.4 -7.3 -7.3 -7.3 -7.2 -7.0 -7.0 -7.0 -7.0 -7.0 -6.9 -6.8 -6.8 -6.6 -6.6 -6.6 -6.2
ligand_387 -7.4 -7.2 -7.2 -7.2 -6.9 -6.7 -6.7 -6.7 -6.7 -6.5 -6.4 -6.3 -6.2 -6.2 -6.1 -6.1 -6.0 -5.9 -5.7 -5.7
ligand_388 -8.0 -7.9 -7.4 -7.3 -7.3 -7.2 -7.1 -6.9 -6.8 -6.7 -6.7 -6.6 -6.5 -6.4 -6.2 -6.1 -6.0 -5.9 -5.9 -5.9
ligand_389 -9.3 -8.9 -8.8 -8.4 -8.3 -8.3 -8.2 -7.7 -7.7 -7.6 -7.6 -7.5 -7.4 -7.4 -7.3 -7.0 -6.9 -6.8 -6.6
ligand_39 -8.7 -8.5 -8.3 -8.0 -7.9 -7.6 -7.4 -7.2 -6.9 -6.9 -6.8 -6.8 -6.6 -6.5 -6.5 -6.4 -6.4 -6.2 -6.2 -6.1
ligand_390 -9.2 -9.0 -8.5 -8.4 -8.3 -8.3 -8.2 -8.1 -8.1 -7.9 -7.8 -7.8 -7.7 -7.6 -7.5 -7.4 -7.2 -7.1 -7.1 -7.1
ligand_391 -9.1 -8.6 -8.5 -8.4 -8.4 -8.0 -7.8 -7.8 -7.2 -7.1 -7.1 -7.0 -7.0 -6.9 -6.8 -6.8 -6.8 -6.7 -6.7 -6.6
ligand_392 -9.0 -8.4 -8.3 -8.3 -7.9 -7.9 -7.8 -7.7 -7.2 -6.9 -6.8 -6.7 -6.6 -6.5 -6.5 -6.2 -6.2 -6.2 -6.1 -6.0
ligand_393 -8.8 -8.7 -8.7 -8.5 -8.4 -8.2 -7.7 -7.7 -7.6 -7.5 -7.5 -7.2 -7.2 -7.1 -7.1 -6.9 -6.9 -6.8 -6.8 -6.8
ligand_394 -8.9 -8.8 -8.7 -8.6 -8.5 -8.4 -8.1 -8.1 -8.0 -7.9 -7.6 -7.5 -7.3 -7.3 -7.3 -7.2 -7.2 -7.1 -7.0 -7.0
ligand_395 -9.1 -9.0 -8.7 -8.5 -7.8 -7.6 -7.2 -7.0 -6.9 -6.9 -6.8 -6.8 -6.7 -6.7 -6.6 -6.3 -6.3 -6.3 -6.2 -6.1
ligand_396 -8.6 -8.6 -8.1 -8.0 -8.0 -7.6 -7.5 -7.4 -7.4 -7.3 -7.2 -7.1 -7.1 -7.1 -7.0 -6.9 -6.8 -6.7 -6.5 -6.4
ligand_397 -8.6 -8.6 -8.1 -8.0 -7.6 -7.4 -7.2 -7.1 -7.0 -7.0 -6.8 -6.7 -6.7 -6.7 -6.5 -6.5 -6.5 -6.3 -6.3 -6.3
ligand_398 -8.3 -7.6 -7.4 -7.3 -7.2 -7.2 -7.2 -7.1 -7.0 -7.0 -7.0 -6.9 -6.9 -6.6 -6.6 -6.5 -6.3 -6.2 -6.2 -6.1
ligand_399 -8.0 -7.8 -7.6 -7.6 -7.4 -7.4 -7.4 -7.3 -7.2 -7.2 -7.1 -7.1 -6.9 -6.8 -6.8 -6.7 -6.6 -6.5 -6.4 -6.4
ligand_4 -7.9 -7.6 -7.6 -7.5 -7.4 -7.3 -7.3 -7.2 -7.2 -7.2 -7.2 -7.1 -7.0 -6.8 -6.8 -6.7 -6.7 -6.5 -6.5 -6.4
ligand_40 -8.7 -8.5 -8.3 -8.3 -7.9 -7.7 -7.7 -7.6 -7.5 -7.4 -7.2 -7.2 -7.1 -7.0 -7.0 -6.9 -6.6 -6.6 -6.6 -6.4
ligand_400 -9.2 -8.7 -8.7 -8.2 -8.1 -8.0 -8.0 -7.8 -7.6 -7.4 -7.3 -7.3 -7.2 -7.0 -7.0 -6.9 -6.9 -6.9 -6.8 -6.8
ligand_401 -9.2 -8.3 -8.0 -8.0 -7.6 -7.5 -7.5 -7.4 -7.3 -7.3 -7.2 -7.2 -7.1 -7.1 -7.1 -7.1 -7.0 -6.9 -6.9 -6.8
ligand_402 -9.0 -8.9 -8.8 -8.5 -8.1 -7.4 -7.3 -7.2 -7.2 -7.1 -7.1 -7.1 -7.1 -6.5 -6.5 -6.4 -6.4 -6.2 -6.2 -6.2
ligand_403 -8.4 -8.4 -8.3 -8.1 -8.1 -7.8 -7.8 -7.7 -7.6 -7.5 -7.4 -7.4 -7.3 -7.3 -7.1 -7.1 -7.1 -7.0 -6.9 -6.8
ligand_404 -8.4 -8.0 -7.9 -7.8 -7.6 -7.6 -7.6 -7.5 -7.5 -7.3 -7.3 -7.2 -7.2 -7.2 -7.1 -7.0 -7.0 -6.8 -6.7 -6.7
ligand_405 -9.1 -9.0 -8.7 -8.3 -8.2 -8.2 -7.8 -7.7 -7.5 -7.4 -7.3 -7.3 -7.3 -7.2 -7.2 -7.2 -7.1 -7.0 -7.0 -6.9
ligand_406 -8.0 -7.7 -7.4 -7.1 -7.0 -7.0 -6.9 -6.9 -6.8 -6.8 -6.8 -6.5 -6.4 -6.4 -6.3 -6.3 -6.3 -6.2 -6.1 -6.0
ligand_407 -7.5 -7.3 -7.0 -7.0 -6.9 -6.9 -6.6 -6.6 -6.4 -6.4 -6.3 -6.0 -5.7 -5.7 -5.7 -5.5 -5.5 -5.4 -5.4 -5.4
ligand_408 -8.9 -8.7 -8.7 -8.2 -8.1 -8.0 -7.5 -7.5 -7.5 -7.5 -7.5 -7.4 -7.2 -7.1 -7.0 -6.9 -6.8 -6.7 -6.7 -6.5
ligand_409 -8.9 -8.8 -8.5 -8.2 -8.2 -8.2 -7.8 -7.6 -7.6 -7.3 -7.3 -7.3 -7.1 -7.1 -6.9 -6.8 -6.8 -6.7 -6.7 -6.6
ligand_41 -8.0 -7.9 -7.9 -7.9 -7.6 -7.5 -7.5 -7.4 -7.4 -7.3 -7.2 -7.2 -7.1 -7.1 -7.0 -7.0 -6.9 -6.9 -6.8 -6.7
ligand_410 -7.8 -7.7 -7.7 -7.5 -7.5 -7.4 -6.9 -6.9 -6.6 -6.4 -6.3 -6.2 -6.2 -6.2 -6.1 -6.1 -6.0 -6.0 -6.0 -5.8
ligand_411 -7.8 -7.8 -7.7 -7.7 -7.6 -7.6 -7.6 -7.6 -7.5 -7.5 -7.2 -7.0 -7.0 -6.9 -6.8 -6.6 -6.5 -6.4 -6.3 -6.2
ligand_412 -7.4 -7.4 -7.3 -7.3 -7.3 -7.2 -7.1 -7.0 -6.9 -6.7 -6.6 -6.2 -5.9 -5.9 -5.9 -5.9 -5.9 -5.8 -5.6 -5.5
ligand_413 -8.2 -8.2 -7.9 -7.9 -7.8 -7.7 -7.7 -7.5 -7.2 -7.1 -7.0 -6.9 -6.9 -6.8 -6.7 -6.6 -6.4 -6.4 -6.3
ligand_414 -8.3 -8.2 -8.2 -7.9 -7.7 -7.7 -7.6 -7.3 -7.3 -7.2 -7.1 -7.0 -7.0 -7.0 -6.9 -6.9 -6.9 -6.8 -6.8 -6.7
ligand_415 -7.6 -7.5 -7.5 -7.4 -7.3 -7.3 -7.1 -7.0 -6.8 -6.7 -6.7 -6.7 -6.6 -6.6 -6.5 -6.5 -6.4 -6.4 -6.3
ligand_416 -7.7 -7.6 -7.5 -7.4 -7.3 -7.3 -7.2 -7.1 -7.0 -6.9 -6.7 -6.6 -6.6 -6.6 -6.5 -6.5 -6.4 -6.4 -6.4 -6.3
ligand_417 -7.7 -7.6 -7.5 -7.2 -7.0 -6.9 -6.9 -6.9 -6.8 -6.8 -6.7 -6.7 -6.5 -6.5 -6.4 -6.3 -6.2 -6.1 -6.0 -5.9
ligand_418 -9.1 -8.9 -8.8 -8.4 -8.0 -8.0 -7.6 -7.6 -7.6 -7.6 -7.5 -7.4 -7.4 -7.4 -7.3 -7.3 -7.3 -7.2 -7.0 -6.7
ligand_419 -8.0 -7.9 -7.7 -7.6 -7.4 -7.3 -7.1 -6.9 -6.8 -6.8 -6.7 -6.6 -6.2 -6.2 -6.2 -6.2 -6.1 -6.1 -6.1 -6.0
ligand_42 -8.1 -8.0 -7.9 -7.9 -7.7 -7.6 -7.5 -7.4 -7.3 -7.3 -7.3 -7.0 -7.0 -6.9 -6.9 -6.9 -6.8 -6.7 -6.7 -6.5
ligand_420 -8.3 -8.3 -7.9 -7.4 -7.3 -7.0 -7.0 -7.0 -6.9 -6.9 -6.8 -6.8 -6.8 -6.7 -6.6 -6.6 -6.5 -6.5 -6.4 -6.4
ligand_421 -7.4 -7.4 -7.0 -6.8 -6.7 -6.6 -6.4 -6.4 -6.4 -6.3 -6.3 -6.2 -6.1 -6.0 -6.0 -6.0 -5.9 -5.9 -5.9 -5.9
ligand_422 -7.3 -7.1 -7.1 -7.0 -7.0 -6.9 -6.8 -6.6 -6.6 -6.5 -6.4 -6.4 -6.3 -6.3 -6.2 -6.2 -6.2 -6.1 -6.1 -6.0
ligand_423 -8.4 -8.1 -7.7 -7.7 -7.4 -7.4 -7.3 -6.9 -6.6 -6.5 -6.4 -6.3 -6.2 -6.1 -6.0 -6.0 -5.9 -5.8 -5.7 -5.7
ligand_424 -7.6 -7.6 -7.5 -7.3 -7.3 -7.2 -7.1 -6.9 -6.9 -6.7 -6.6 -6.6 -6.6 -6.5 -6.5 -6.3 -6.2 -6.1 -6.1 -6.0
ligand_425 -8.8 -8.6 -8.4 -8.2 -8.2 -7.9 -7.9 -7.8 -7.7 -7.7 -7.7 -7.5 -7.5 -7.4 -7.3 -7.2 -7.2 -6.9 -6.7 -6.7
ligand_426 -8.6 -8.5 -8.3 -8.2 -8.2 -8.1 -7.9 -7.8 -7.8 -7.8 -7.7 -7.7 -7.7 -7.6 -7.4 -7.3 -7.0 -7.0 -7.0 -6.8
ligand_427 -8.0 -7.9 -7.8 -7.7 -7.7 -7.7 -7.7 -7.5 -7.5 -7.4 -7.3 -7.1 -7.1 -7.1 -7.0 -7.0 -6.9 -6.8 -6.8 -6.8
ligand_428 -7.9 -7.9 -7.8 -7.7 -7.6 -7.6 -7.5 -7.4 -7.3 -7.3 -7.2 -7.2 -7.1 -7.1 -7.0 -6.9 -6.9 -6.9 -6.8 -6.6
ligand_429 -7.5 -7.4 -7.4 -7.4 -7.3 -7.3 -7.3 -7.2 -7.0 -7.0 -6.9 -6.8 -6.8 -6.8 -6.6 -6.5 -6.5 -6.4 -6.4 -6.3
ligand_43 -7.9 -7.8 -7.7 -7.5 -7.5 -7.3 -7.1 -6.9 -6.8 -6.8 -6.8 -6.7 -6.6 -6.5 -6.4 -6.2 -6.1 -6.0 -5.8 -5.8
ligand_430 -7.7 -7.6 -7.6 -7.5 -7.3 -7.1 -7.1 -7.0 -7.0 -6.9 -6.9 -6.9 -6.8 -6.7 -6.6 -6.6 -6.6 -6.5 -6.4 -6.3
ligand_431 -8.0 -7.8 -7.6 -7.3 -7.2 -7.2 -7.0 -6.8 -6.7 -6.6 -6.5 -6.4 -6.4 -6.3 -6.2 -6.2 -6.1 -6.1 -6.1 -6.1
ligand_432 -7.5 -7.5 -7.4 -7.3 -7.2 -6.9 -6.6 -6.4 -6.2 -6.2 -6.1 -6.0 -5.9 -5.8 -5.8 -5.8 -5.7 -5.7 -5.6 -5.5
ligand_433 -7.8 -7.7 -7.7 -7.6 -7.3 -7.2 -7.0 -7.0 -7.0 -6.9 -6.8 -6.8 -6.8 -6.7 -6.6 -6.6 -6.5 -6.5 -6.4 -6.2
ligand_434 -8.1 -7.9 -7.9 -7.8 -7.4 -7.1 -7.1 -7.1 -7.0 -6.8 -6.8 -6.8 -6.7 -6.7 -6.6 -6.6 -6.6 -6.6 -6.5 -6.5
ligand_435 -7.3 -7.2 -7.1 -7.1 -7.0 -7.0 -6.8 -6.7 -6.6 -6.6 -6.3 -6.2 -6.1 -6.1 -6.1 -6.1 -6.1 -6.0 -6.0 -6.0
ligand_436 -7.3 -7.1 -7.0 -7.0 -6.8 -6.6 -6.5 -6.5 -6.4 -6.3 -6.2 -6.2 -6.1 -5.9 -5.9 -5.9 -5.7 -5.7 -5.7 -5.5
ligand_437 -7.7 -7.7 -7.3 -7.1 -7.1 -6.9 -6.9 -6.8 -6.7 -6.7 -6.6 -6.5 -6.3 -6.3 -6.3 -6.2 -6.2 -6.2 -6.1 -6.0
ligand_438 -8.1 -7.8 -7.4 -7.2 -7.2 -7.0 -7.0 -7.0 -7.0 -6.9 -6.8 -6.7 -6.7 -6.4 -6.4 -6.3 -6.3 -6.2 -6.2 -6.2
ligand_439 -7.4 -7.3 -7.0 -6.9 -6.9 -6.8 -6.7 -6.5 -6.5 -6.4 -6.4 -6.3 -6.3 -6.2 -6.2 -6.1 -6.1 -6.0 -6.0 -6.0
ligand_44 -7.9 -7.9 -7.8 -7.7 -7.4 -7.4 -7.4 -7.1 -6.9 -6.7 -6.5 -6.4 -6.2 -6.2 -6.2 -6.2 -6.2 -6.2 -6.0 -5.9
ligand_440 -8.3 -7.9 -7.5 -7.4 -7.3 -7.3 -7.1 -6.9 -6.8 -6.6 -6.6 -6.6 -6.6 -6.5 -6.4 -6.4 -6.4 -6.3 -6.3 -6.2
ligand_441 -8.0 -7.8 -7.3 -7.3 -7.3 -7.1 -7.0 -6.8 -6.7 -6.6 -6.5 -6.4 -6.4 -6.4 -6.3 -6.3 -6.3 -6.3 -6.1 -6.1
ligand_442 -8.1 -8.0 -7.3 -7.2 -7.2 -7.0 -7.0 -6.8 -6.6 -6.5 -6.4 -6.4 -6.3 -6.3 -6.3 -6.2 -6.1 -6.1 -6.0 -5.8
ligand_443 -8.6 -8.1 -7.9 -7.9 -7.8 -7.5 -7.3 -7.3 -7.3 -7.2 -7.1 -7.0 -6.9 -6.9 -6.8 -6.8 -6.7 -6.7 -6.7 -6.6
ligand_444 -7.8 -7.6 -7.2 -7.1 -6.9 -6.9 -6.8 -6.6 -6.4 -6.4 -6.4 -6.3 -6.2 -6.2 -6.2 -6.1 -6.0 -6.0 -5.7 -5.7
ligand_445 -7.9 -7.8 -7.5 -7.0 -7.0 -6.8 -6.6 -6.5 -6.5 -6.4 -6.4 -6.4 -6.4 -6.3 -6.3 -6.2 -6.1 -6.1 -6.0 -5.9
ligand_446 -7.7 -7.6 -7.6 -7.4 -7.1 -7.1 -6.9 -6.9 -6.8 -6.7 -6.7 -6.6 -6.5 -6.5 -6.5 -6.3 -6.2 -6.2 -6.2 -6.0
ligand_447 -7.7 -7.6 -7.3 -7.2 -7.1 -7.0 -7.0 -7.0 -6.8 -6.7 -6.5 -6.4 -6.4 -6.4 -6.2 -6.2 -6.2 -6.2 -6.1 -6.1
ligand_448 -7.9 -7.3 -7.0 -7.0 -7.0 -7.0 -7.0 -6.9 -6.7 -6.7 -6.6 -6.6 -6.4 -6.3 -6.1 -6.0 -5.9 -5.8 -5.6 -5.5
ligand_449 -8.5 -8.4 -8.4 -8.2 -8.0 -8.0 -7.9 -7.9 -7.5 -7.4 -7.3 -7.2 -7.0 -7.0 -6.9 -6.9 -6.8 -6.7 -6.6 -6.5
ligand_45 -8.2 -8.1 -8.0 -7.8 -7.7 -7.7 -7.4 -7.4 -7.4 -7.3 -7.2 -7.1 -7.1 -7.0 -6.9 -6.9 -6.7 -6.4 -6.4 -5.9
ligand_450 -8.3 -8.2 -8.1 -8.1 -8.1 -8.0 -8.0 -7.9 -7.8 -7.8 -7.8 -7.7 -7.6 -7.6 -7.5 -7.1 -7.0 -7.0 -6.9 -6.9
ligand_451 -7.8 -7.2 -7.2 -7.1 -7.0 -6.9 -6.8 -6.8 -6.7 -6.7 -6.7 -6.6 -6.5 -6.4 -6.2 -6.1 -6.0 -6.0 -6.0 -5.9
ligand_452 -7.6 -7.2 -7.0 -7.0 -6.9 -6.7 -6.7 -6.7 -6.6 -6.6 -6.6 -6.5 -6.3 -6.2 -6.2 -6.0 -6.0 -5.9 -5.7 -5.7
ligand_453 -7.7 -7.5 -7.1 -7.1 -6.8 -6.8 -6.4 -6.3 -6.2 -6.2 -5.9 -5.9 -5.9 -5.9 -5.8 -5.8 -5.7 -5.7 -5.7 -5.6
ligand_454 -8.4 -8.0 -7.7 -7.1 -7.0 -7.0 -6.7 -6.7 -6.5 -6.5 -6.4 -6.3 -6.3 -6.3 -6.3 -6.2 -6.2 -5.9 -5.9 -5.7
ligand_455 -9.0 -7.9 -7.8 -7.3 -7.1 -7.0 -7.0 -6.9 -6.8 -6.8 -6.7 -6.7 -6.6 -6.4 -6.4 -6.3 -6.3 -6.2 -6.2 -6.2
ligand_456 -7.9 -7.9 -7.3 -7.2 -7.1 -6.9 -6.9 -6.9 -6.9 -6.8 -6.7 -6.7 -6.6 -6.6 -6.6 -6.5 -6.5 -6.3 -6.1 -6.0
ligand_457 -7.8 -7.7 -7.7 -7.4 -7.3 -7.3 -7.3 -7.2 -7.0 -7.0 -6.9 -6.8 -6.5 -6.4 -6.4 -6.4 -6.3 -6.3 -6.2 -5.9
ligand_458 -7.4 -7.3 -7.1 -6.9 -6.8 -6.7 -6.7 -6.7 -6.5 -6.4 -6.3 -6.0 -6.0 -6.0 -5.9 -5.9 -5.8 -5.7 -5.7 -5.7
ligand_459 -7.5 -7.4 -7.3 -7.2 -6.9 -6.9 -6.8 -6.8 -6.3 -6.3 -6.2 -6.1 -6.0 -5.9 -5.9 -5.8 -5.8 -5.7 -5.6 -5.3
ligand_46 -7.9 -7.8 -7.7 -7.6 -7.3 -7.3 -7.2 -7.2 -7.0 -6.6 -6.5 -6.5 -6.5 -6.4 -6.3 -6.3 -6.3 -6.2 -6.1 -6.1
ligand_460 -8.1 -7.8 -7.7 -7.7 -7.7 -7.6 -7.5 -7.3 -7.2 -7.0 -6.7 -6.6 -6.4 -6.4 -6.4 -6.4 -6.3 -6.3 -6.3 -6.2
ligand_461 -8.1 -7.9 -7.8 -7.7 -7.6 -7.6 -7.5 -7.3 -7.3 -7.2 -7.2 -6.8 -6.8 -6.8 -6.7 -6.6 -6.4 -6.3 -6.2 -6.2
ligand_462 -7.8 -7.7 -7.7 -7.3 -7.2 -7.2 -7.2 -7.1 -6.9 -6.8 -6.8 -6.7 -6.7 -6.6 -6.6 -6.6 -6.5 -6.3 -6.3 -6.3
ligand_463 -8.2 -8.0 -7.7 -7.7 -7.6 -7.6 -7.5 -7.5 -7.1 -7.1 -7.0 -7.0 -7.0 -6.7 -6.7 -6.7 -6.6 -6.5 -6.4 -6.4
ligand_464 -7.8 -7.6 -7.4 -7.4 -7.3 -7.0 -6.9 -6.7 -6.6 -6.6 -6.6 -6.5 -6.4 -6.3 -6.2 -6.2 -6.2 -6.2 -6.2 -6.1
ligand_465 -7.8 -7.6 -7.6 -7.5 -7.4 -7.3 -7.3 -7.3 -7.3 -7.3 -7.2 -7.2 -7.1 -7.0 -6.8 -6.5 -6.5 -6.4 -6.4 -6.3
ligand_466 -8.1 -7.8 -7.7 -7.5 -7.4 -7.3 -7.3 -7.3 -7.2 -7.1 -7.1 -7.1 -7.0 -7.0 -7.0 -6.8 -6.7 -6.6 -6.6 -6.4
ligand_467 -8.7 -8.3 -8.1 -7.3 -7.2 -7.0 -6.6 -6.4 -6.3 -6.3 -6.3 -6.3 -6.2 -6.2 -6.1 -6.1 -5.9 -5.8 -5.8 -5.8
ligand_468 -8.3 -7.8 -7.7 -7.6 -7.6 -7.5 -7.5 -7.3 -7.1 -7.1 -6.9 -6.9 -6.9 -6.9 -6.8 -6.8 -6.8 -6.7 -6.6 -6.3
ligand_469 -8.0 -7.8 -7.7 -7.7 -7.4 -7.3 -7.3 -7.1 -6.7 -6.7 -6.6 -6.4 -6.4 -6.3 -6.3 -6.2 -6.2 -6.1 -6.1 -6.0
ligand_47 -8.1 -7.9 -7.7 -7.7 -7.3 -7.3 -7.2 -7.1 -6.8 -6.8 -6.7 -6.7 -6.6 -6.5 -6.5 -6.4 -6.3 -6.2 -6.2 -6.0
ligand_470 -8.7 -8.6 -8.0 -7.7 -7.4 -7.2 -7.1 -7.0 -6.9 -6.8 -6.8 -6.4 -6.4 -6.3 -6.1 -6.1 -6.1 -5.9 -5.8 -5.8
ligand_471 -7.7 -6.9 -6.7 -6.7 -6.7 -6.4 -6.3 -6.3 -6.2 -6.1 -6.0 -6.0 -6.0 -5.8 -5.8 -5.7 -5.7 -5.7 -5.7 -5.6
ligand_472 -7.4 -7.3 -7.3 -7.2 -7.2 -7.2 -7.1 -7.1 -7.0 -6.9 -6.9 -6.9 -6.8 -6.7 -6.7 -6.7 -6.6 -6.5 -6.4 -6.3
ligand_473 -7.1 -7.1 -7.0 -7.0 -6.9 -6.9 -6.9 -6.8 -6.7 -6.6 -6.6 -6.5 -6.5 -6.4 -6.4 -6.3 -6.3 -6.3 -6.1 -6.0
ligand_474 -7.8 -7.5 -7.1 -6.9 -6.9 -6.7 -6.7 -6.6 -6.6 -6.5 -6.5 -6.4 -6.2 -6.2 -6.1 -6.0 -6.0 -6.0 -5.9 -5.8
ligand_475 -8.4 -8.0 -7.9 -7.5 -7.4 -7.3 -7.2 -7.2 -7.1 -6.9 -6.9 -6.9 -6.9 -6.8 -6.8 -6.7 -6.5 -6.5 -6.4 -6.4
ligand_476 -7.9 -7.3 -7.2 -7.1 -6.9 -6.8 -6.8 -6.8 -6.6 -6.5 -6.4 -6.3 -6.3 -6.3 -6.2 -6.1 -5.9 -5.8 -5.8 -5.8
ligand_477 -8.0 -8.0 -7.8 -7.5 -7.5 -7.2 -7.1 -7.1 -7.1 -7.1 -6.9 -6.8 -6.8 -6.7 -6.7 -6.6 -6.6 -6.5 -6.5 -6.4
ligand_478 -7.2 -7.2 -7.1 -6.9 -6.8 -6.7 -6.6 -6.6 -6.5 -6.5 -6.4 -6.3 -6.2 -6.1 -6.0 -6.0 -6.0 -5.9 -5.8 -5.7
ligand_479 -9.0 -8.6 -8.5 -7.9 -7.9 -7.8 -7.7 -7.7 -7.5 -7.5 -7.2 -7.1 -7.1 -7.0 -7.0 -6.9 -6.9 -6.8 -6.7 -6.7
ligand_48 -8.2 -7.9 -7.6 -7.6 -7.5 -7.3 -7.0 -6.9 -6.8 -6.8 -6.8 -6.6 -6.6 -6.3 -6.2 -6.1 -6.1 -6.1 -6.0 -5.9
ligand_480 -8.5 -7.6 -7.5 -7.3 -7.2 -6.8 -6.8 -6.8 -6.7 -6.6 -6.6 -6.5 -6.5 -6.5 -6.4 -6.4 -6.3 -6.3 -6.2 -6.1
ligand_481 -8.2 -8.1 -8.1 -8.0 -8.0 -7.8 -7.8 -7.6 -7.4 -7.3 -7.2 -7.1 -7.0 -6.7 -6.7 -6.6 -6.6 -6.6 -6.5 -6.4
ligand_482 -8.9 -8.8 -8.7 -8.0 -7.9 -7.6 -7.6 -7.3 -7.3 -7.2 -7.0 -7.0 -6.8 -6.7 -6.7 -6.5 -6.4 -6.2 -6.1 -6.0
ligand_483 -8.1 -7.9 -7.8 -7.4 -7.3 -7.2 -7.2 -7.2 -7.1 -7.0 -6.9 -6.9 -6.8 -6.8 -6.7 -6.3 -6.2 -6.2 -6.1 -6.1
ligand_484 -7.6 -7.5 -7.4 -7.2 -6.6 -6.4 -6.4 -6.4 -6.0 -6.0 -6.0 -5.9 -5.9 -5.8 -5.7 -5.7 -5.6 -5.4 -5.2 -5.2
ligand_485 -7.4 -7.3 -7.3 -7.2 -7.0 -6.9 -6.6 -6.6 -6.5 -6.5 -6.4 -6.4 -6.3 -6.3 -6.2 -6.2 -6.0 -5.8 -5.8 -5.6
ligand_486 -7.9 -7.7 -7.5 -7.5 -7.5 -7.4 -6.9 -6.9 -6.8 -6.8 -6.8 -6.7 -6.7 -6.7 -6.6 -6.5 -6.5 -6.4 -6.3 -6.2
ligand_487 -7.5 -7.5 -7.2 -7.2 -7.1 -7.0 -6.8 -6.8 -6.7 -6.7 -6.6 -6.6 -6.6 -6.4 -6.3 -6.2 -6.1 -6.1 -6.0 -6.0
ligand_488 -7.5 -7.2 -7.2 -7.1 -6.9 -6.9 -6.9 -6.8 -6.7 -6.6 -6.6 -6.6 -6.6 -6.5 -6.5 -6.3 -6.3 -6.3 -6.1 -6.1
ligand_489 -7.6 -7.5 -7.4 -7.3 -7.2 -7.0 -6.7 -6.5 -6.5 -6.4 -6.4 -6.3 -6.2 -6.2 -6.1 -6.0 -6.0 -5.8 -5.7 -5.7
ligand_49 -8.3 -8.2 -8.0 -7.7 -7.6 -7.6 -7.4 -7.3 -7.0 -6.9 -6.7 -6.6 -6.6 -6.5 -6.5 -6.4 -6.4 -6.3 -6.2 -6.1
ligand_490 -9.4 -8.7 -7.6 -7.6 -7.5 -7.4 -7.3 -7.2 -7.2 -7.1 -6.9 -6.8 -6.8 -6.8 -6.7 -6.7 -6.6 -6.5 -6.5
ligand_491 -9.4 -9.0 -7.8 -7.3 -7.3 -7.2 -7.1 -7.0 -7.0 -6.9 -6.8 -6.6 -6.6 -6.4
ligand_492 -7.9 -7.9 -7.6 -7.5 -7.3 -7.2 -7.2 -7.0 -7.0 -6.9 -6.8 -6.8 -6.7 -6.7 -6.6 -6.5 -6.2 -6.2 -6.2 -6.2
ligand_493 -8.2 -7.6 -7.4 -7.2 -7.1 -7.1 -7.1 -7.1 -7.0 -7.0 -6.9 -6.9 -6.8 -6.8 -6.7 -6.6 -6.6 -6.5 -6.2 -6.2
ligand_494 -9.3 -8.9 -8.6 -8.5 -8.4 -8.3 -8.2 -8.0 -8.0 -7.8 -7.7 -7.4 -7.3 -7.3 -7.2 -7.2 -7.1 -7.1 -7.1 -7.0
ligand_495 -8.8 -8.6 -8.3 -8.2 -8.1 -8.1 -8.0 -7.9 -7.8 -7.7 -7.7 -7.6 -7.3 -7.3 -7.3 -7.2 -7.2 -7.1 -7.0 -7.0
ligand_496 -8.7 -8.3 -8.2 -8.2 -7.8 -7.8 -7.5 -7.4 -7.0 -7.0 -6.9 -6.8 -6.7 -6.7 -6.6 -6.6 -6.6 -6.5 -6.1 -6.0
ligand_497 -9.1 -8.6 -8.3 -8.1 -7.8 -7.8 -7.6 -7.5 -7.4 -7.2 -7.1 -7.1 -7.1 -7.1 -6.9 -6.9 -6.9 -6.8 -6.6 -6.6
ligand_498 -9.3 -8.8 -8.8 -8.7 -8.5 -8.4 -8.4 -8.3 -7.9 -7.6 -7.6 -7.5 -7.4 -7.4 -7.4 -7.3 -7.3 -7.1 -7.1 -6.9
ligand_499 -8.5 -8.5 -7.9 -7.8 -7.8 -7.7 -7.5 -7.5 -7.4 -7.2 -7.2 -7.1 -7.1 -6.8 -6.8 -6.6 -6.5 -6.3 -6.3 -6.2
ligand_5 -7.7 -7.6 -7.6 -7.6 -7.5 -7.5 -7.3 -7.1 -7.0 -6.8 -6.7 -6.7 -6.4 -6.3 -6.3 -6.3 -6.2 -6.2 -6.1 -6.0
ligand_50 -8.4 -8.4 -8.2 -8.2 -8.0 -7.9 -7.9 -7.9 -7.9 -7.9 -7.7 -7.7 -7.6 -7.4 -7.3 -7.0 -7.0 -7.0 -6.9 -6.9
ligand_500 -8.5 -8.2 -7.8 -7.7 -7.6 -7.4 -7.3 -7.2 -7.0 -7.0 -6.9 -6.9 -6.8 -6.8 -6.7 -6.7 -6.7 -6.7 -6.6 -6.4
ligand_501 -8.5 -8.4 -8.1 -7.9 -7.9 -7.8 -7.7 -7.7 -7.4 -7.4 -7.3 -7.3 -7.2 -7.1 -7.1 -7.0 -6.9 -6.9 -6.8 -6.8
ligand_502 -8.4 -8.4 -7.9 -7.9 -7.9 -7.7 -7.6 -7.4 -7.4 -7.3 -7.3 -7.2 -7.2 -7.1 -6.9 -6.9 -6.9 -6.9 -6.8 -6.7
ligand_503 -8.8 -8.5 -8.5 -8.4 -7.9 -7.8 -7.8 -7.7 -7.7 -7.5 -7.4 -7.3 -7.2 -7.2 -7.1 -7.0 -6.7 -6.6 -6.6 -6.6
ligand_504 -8.5 -8.5 -8.3 -8.3 -7.9 -7.8 -7.7 -7.7 -7.6 -7.6 -7.3 -7.2 -7.2 -7.1 -7.1 -7.1 -6.9 -6.9 -6.8 -6.8
ligand_505 -8.1 -7.8 -7.4 -7.4 -7.3 -7.1 -7.1 -7.0 -6.9 -6.9 -6.8 -6.8 -6.8 -6.7 -6.6 -6.6 -6.4 -6.4 -6.4 -6.2
ligand_506 -8.1 -8.1 -7.7 -7.7 -7.6 -7.6 -7.5 -7.5 -7.3 -6.9 -6.9 -6.9 -6.7 -6.6 -6.6 -6.4 -6.3 -6.0 -5.7 -5.7
ligand_507 -8.4 -8.3 -8.0 -7.8 -7.6 -7.5 -7.4 -7.4 -7.3 -7.2 -6.9 -6.8 -6.6 -6.3 -6.3 -6.3 -6.2 -6.2 -6.2 -6.1
ligand_508 -8.0 -8.0 -7.6 -7.5 -7.3 -7.3 -7.3 -7.1 -6.9 -6.7 -6.7 -6.5 -6.4 -6.3 -6.3 -6.2 -6.2 -5.9 -5.5 -5.5
ligand_509 -7.7 -7.6 -7.2 -6.9 -6.9 -6.8 -6.7 -6.6 -6.5 -6.5 -6.5 -6.4 -6.4 -6.4 -6.3 -6.2 -6.2 -6.1 -6.1 -6.0
ligand_51 -8.7 -8.4 -8.3 -8.3 -8.3 -8.3 -7.8 -7.6 -7.6 -7.5 -7.5 -7.4 -7.2 -7.1 -7.1 -7.1 -7.0 -6.9 -6.9 -6.8
ligand_510 -7.9 -7.7 -7.4 -7.2 -7.2 -7.0 -6.9 -6.9 -6.8 -6.7 -6.7 -6.6 -6.6 -6.5 -6.5 -6.4 -6.3 -6.3 -6.3 -6.2
ligand_511 -8.0 -7.7 -7.6 -7.2 -7.2 -7.2 -7.2 -7.1 -7.1 -6.8 -6.8 -6.8 -6.8 -6.7 -6.6 -6.5 -6.5 -6.4 -6.4 -6.3
ligand_512 -7.6 -7.6 -7.6 -7.3 -7.1 -7.1 -7.1 -7.0 -7.0 -6.8 -6.7 -6.6 -6.5 -6.5 -6.5 -6.4 -6.2 -5.8 -5.8 -5.6
ligand_513 -8.0 -7.9 -7.7 -7.4 -7.4 -7.3 -7.3 -7.2 -7.0 -6.9 -6.9 -6.8 -6.8 -6.7 -6.7 -6.6 -6.3 -6.3 -6.2 -6.1
ligand_514 -8.7 -8.2 -8.1 -8.1 -8.0 -8.0 -7.6 -7.6 -7.6 -7.5 -7.4 -7.3 -7.0 -6.9 -6.8 -6.8 -6.7 -6.7 -6.6 -6.5
ligand_515 -8.1 -8.1 -7.9 -7.9 -7.9 -7.9 -7.8 -7.6 -7.4 -7.3 -7.2 -7.2 -7.0 -7.0 -7.0 -6.9 -6.8 -6.8 -6.8 -6.7
ligand_516 -8.1 -8.0 -7.8 -7.7 -7.7 -7.6 -7.6 -7.3 -7.1 -7.1 -7.0 -7.0 -6.9 -6.8 -6.6 -6.4 -6.4 -6.4 -6.4 -6.4
ligand_517 -8.4 -8.0 -7.9 -7.8 -7.7 -7.6 -7.4 -7.4 -7.3 -7.1 -7.1 -7.0 -7.0 -6.9 -6.9 -6.8 -6.7 -6.7 -6.5 -6.5
ligand_518 -8.3 -8.1 -8.1 -8.1 -7.6 -7.4 -7.2 -7.1 -7.0 -7.0 -7.0 -6.8 -6.8 -6.7 -6.7 -6.6 -6.6 -6.6 -6.5 -6.4
ligand_519 -8.4 -8.4 -8.3 -8.2 -8.0 -7.9 -7.9 -7.7 -7.6 -7.6 -7.4 -7.3 -7.1 -7.0 -7.0 -6.8 -6.5 -6.5 -6.2 -6.2
ligand_52 -7.9 -7.8 -7.7 -7.6 -7.4 -7.3 -7.0 -6.9 -6.8 -6.5 -6.4 -6.1 -6.1 -6.1 -6.0 -5.9 -5.8 -5.8 -5.8 -5.7
ligand_520 -8.5 -8.3 -8.2 -8.2 -8.0 -7.9 -7.8 -7.5 -7.4 -7.4 -7.4 -7.1 -6.9 -6.7 -6.6 -6.6 -6.5 -6.4 -6.3 -6.2
ligand_521 -8.1 -8.0 -8.0 -7.8 -7.6 -7.4 -7.3 -7.2 -7.0 -6.8 -6.7 -6.6 -6.6 -6.5 -6.5 -6.5 -6.3 -6.3 -6.2 -6.2
ligand_522 -8.5 -8.3 -8.3 -8.2 -8.1 -7.9 -7.9 -7.9 -7.4 -7.3 -7.2 -7.2 -7.0 -6.9 -6.8 -6.7 -6.6 -6.5 -6.5 -6.3
ligand_523 -8.6 -8.5 -8.4 -8.3 -7.9 -7.8 -7.7 -7.6 -7.6 -7.5 -7.4 -7.4 -7.3 -7.1 -7.1 -6.9 -6.9 -6.7 -6.6 -6.5
ligand_524 -7.6 -7.3 -7.2 -7.1 -7.1 -7.0 -7.0 -6.9 -6.8 -6.4 -6.3 -6.3 -6.2 -6.2 -6.2 -6.1 -6.1 -5.8 -5.7 -5.7
ligand_525 -7.5 -7.3 -7.2 -7.1 -7.0 -6.9 -6.9 -6.9 -6.9 -6.7 -6.7 -6.6 -6.4 -6.2 -6.2 -6.1 -6.1 -6.0 -6.0 -5.8
ligand_526 -8.7 -8.5 -8.5 -8.4 -8.0 -8.0 -7.7 -7.6 -7.6 -7.5 -7.3 -7.1 -7.0 -7.0 -6.8 -6.7 -6.6 -6.5 -6.5 -6.4
ligand_527 -7.8 -7.8 -7.7 -7.4 -7.2 -7.0 -7.0 -6.9 -6.8 -6.8 -6.8 -6.7 -6.7 -6.6 -6.6 -6.4 -6.4 -6.4 -6.3 -6.2
ligand_528 -8.9 -8.7 -8.6 -8.4 -8.2 -7.9 -7.9 -7.8 -7.7 -7.4 -7.3 -7.3 -7.2 -7.2 -7.1 -7.0 -7.0 -6.9 -6.7 -6.6
ligand_529 -8.7 -8.5 -8.4 -8.3 -7.9 -7.7 -7.5 -7.4 -7.3 -7.0 -7.0 -6.9 -6.9 -6.7 -6.6 -6.6 -6.5 -6.4 -6.3 -6.3
ligand_53 -7.4 -7.4 -7.3 -7.1 -7.0 -7.0 -6.9 -6.7 -6.7 -6.5 -6.4 -6.4 -6.4 -6.2 -6.1 -6.0 -6.0 -6.0 -5.8 -5.4
ligand_530 -7.5 -7.5 -7.5 -7.2 -7.1 -7.0 -6.8 -6.8 -6.8 -6.8 -6.4 -6.4 -6.4 -6.3 -6.1 -6.1 -6.0 -5.9 -5.9 -5.8
ligand_531 -8.7 -8.5 -8.3 -8.1 -8.0 -7.8 -7.6 -7.5 -7.5 -7.5 -7.4 -7.4 -7.2 -7.1 -7.0 -7.0 -6.9 -6.7 -6.6 -6.6
ligand_532 -8.0 -8.0 -7.7 -7.5 -7.5 -7.3 -7.2 -7.1 -7.1 -7.1 -7.1 -7.1 -7.1 -7.0 -6.9 -6.8 -6.7 -6.6 -6.6 -6.6
ligand_533 -7.5 -7.4 -7.3 -7.0 -7.0 -7.0 -6.9 -6.8 -6.6 -6.4 -6.4 -6.3 -6.3 -6.2 -6.1 -6.1 -6.1 -5.9 -5.9 -5.9
ligand_534 -8.0 -7.7 -7.1 -7.1 -7.0 -6.8 -6.6 -6.5 -6.5 -6.4 -6.4 -6.4 -6.3 -6.1 -6.1 -5.8 -5.8 -5.8 -5.8 -5.7
ligand_535 -7.4 -7.3 -7.2 -7.2 -7.1 -7.0 -6.9 -6.9 -6.7 -6.6 -6.6 -6.6 -6.6 -6.5 -6.3 -6.3 -6.3 -6.1 -6.1 -6.1
ligand_536 -7.7 -7.7 -7.3 -7.2 -7.2 -7.0 -6.9 -6.9 -6.9 -6.9 -6.8 -6.8 -6.8 -6.7 -6.7 -6.6 -6.5 -6.4 -6.4 -6.3
ligand_537 -8.1 -7.6 -7.6 -7.2 -7.2 -6.9 -6.9 -6.6 -6.6 -6.5 -6.4 -6.3 -6.1 -6.0 -5.9 -5.9 -5.8 -5.8 -5.8 -5.7
ligand_538 -8.0 -7.8 -7.6 -7.2 -7.1 -7.0 -6.9 -6.9 -6.6 -6.5 -6.3 -6.2 -6.1 -6.1 -6.0 -5.9 -5.8 -5.8 -5.8 -5.7
ligand_539 -8.7 -8.5 -8.5 -8.0 -7.9 -7.8 -7.3 -7.3 -7.2 -7.2 -7.2 -7.1 -7.1 -7.0 -6.9 -6.6 -6.4 -6.3 -6.3 -6.2
ligand_54 -7.9 -7.7 -7.6 -7.6 -7.4 -7.4 -7.2 -7.2 -7.1 -7.0 -6.9 -6.8 -6.8 -6.6 -6.5 -6.4 -6.4 -6.3 -6.3 -6.2
ligand_540 -7.9 -7.5 -6.9 -6.8 -6.6 -6.6 -6.6 -6.6 -6.5 -6.5 -6.4 -6.3 -6.1 -6.0 -6.0 -6.0 -5.8 -5.8 -5.7 -5.6
ligand_541 -9.0 -8.8 -8.6 -8.5 -8.3 -8.2 -8.0 -7.8 -7.6 -7.6 -7.6 -7.5 -7.5 -7.3 -7.0 -7.0 -6.7 -6.7 -6.7 -6.4
ligand_542 -7.4 -6.7 -6.7 -6.7 -6.7 -6.5 -6.4 -6.4 -6.4 -6.3 -6.3 -6.3 -6.3 -6.2 -6.1 -5.9 -5.9 -5.8 -5.8 -5.6
ligand_543 -8.4 -8.2 -8.0 -7.6 -7.5 -7.3 -7.1 -7.0 -6.8 -6.8 -6.8 -6.6 -6.5 -6.4 -6.3 -6.3 -6.2 -6.0 -5.9 -5.8
ligand_544 -8.3 -8.1 -8.1 -7.8 -7.7 -7.6 -7.5 -7.5 -7.2 -7.2 -6.9 -6.8 -6.7 -6.4 -6.3 -6.1 -5.9 -5.8 -5.8 -5.7
ligand_545 -9.4 -8.6 -8.5 -8.2 -7.8 -7.7 -7.7 -7.6 -7.4 -7.3 -7.2 -7.2 -7.1 -6.8 -6.5 -6.5 -6.4
ligand_546 -8.0 -7.6 -7.6 -7.5 -7.1 -7.1 -7.1 -6.9 -6.8 -6.8 -6.8 -6.7 -6.6 -6.5 -6.5 -6.5 -6.5 -6.3 -6.1 -6.1
ligand_547 -8.1 -7.8 -7.8 -7.6 -7.4 -7.2 -7.1 -7.1 -7.0 -7.0 -7.0 -7.0 -7.0 -6.9 -6.8 -6.8 -6.7 -6.7 -6.6 -6.6
ligand_548 -8.6 -8.4 -7.9 -7.7 -7.6 -7.6 -7.6 -7.4 -7.3 -7.2 -7.1 -7.1 -7.0 -6.9 -6.9 -6.8 -6.7 -6.4 -6.3 -6.3
ligand_549 -8.5 -8.4 -8.2 -8.1 -7.6 -7.1 -7.0 -7.0 -6.9 -6.9 -6.9 -6.9 -6.8 -6.8 -6.8 -6.7 -6.5 -6.4 -6.3
ligand_55 -8.0 -7.8 -7.7 -7.6 -7.5 -7.5 -7.4 -7.3 -7.3 -7.2 -7.1 -6.9 -6.7 -6.7 -6.6 -6.6 -6.4 -6.3 -6.3 -6.2
ligand_550 -8.6 -8.5 -8.2 -7.9 -7.3 -7.3 -7.2 -7.1 -7.1 -7.1 -7.0 -6.9 -6.7 -6.6 -6.5 -6.4 -6.4 -6.2 -6.2 -6.2
ligand_551 -8.2 -8.2 -7.8 -7.6 -7.2 -7.1 -6.9 -6.8 -6.8 -6.7 -6.6 -6.6 -6.5 -6.5 -6.4 -6.4 -6.3 -6.3 -6.3 -6.1
ligand_552 -7.4 -7.3 -7.2 -7.1 -7.0 -6.8 -6.6 -6.6 -6.5 -6.5 -6.5 -6.4 -6.4 -6.2 -6.2 -6.2 -6.1 -6.1 -6.0 -5.9
ligand_553 -7.9 -7.8 -7.7 -7.6 -7.4 -7.4 -7.3 -7.3 -7.2 -7.2 -7.1 -7.1 -7.1 -7.0 -7.0 -6.9 -6.7 -6.7 -6.6 -6.5
ligand_554 -7.9 -7.9 -7.7 -7.6 -7.6 -7.6 -7.5 -7.2 -7.2 -7.0 -7.0 -6.9 -6.9 -6.8 -6.6 -6.6 -6.5 -6.5 -6.4 -6.4
ligand_555 -8.1 -8.0 -7.9 -7.9 -7.7 -7.6 -7.6 -7.5 -7.5 -7.4 -7.4 -7.4 -7.3 -7.3 -7.3 -7.3 -7.1 -7.1 -7.1
ligand_556 -7.4 -7.3 -7.3 -7.2 -7.0 -6.9 -6.7 -6.7 -6.7 -6.7 -6.7 -6.6 -6.5 -6.4 -6.3 -6.3 -6.2 -6.1 -6.1 -6.1
ligand_557 -7.6 -7.4 -7.3 -7.3 -7.2 -7.1 -7.0 -7.0 -7.0 -6.9 -6.7 -6.7 -6.7 -6.7 -6.7 -6.4 -6.3 -6.3 -5.9 -5.8
ligand_558 -7.5 -7.3 -7.2 -7.2 -7.2 -7.1 -7.0 -6.9 -6.9 -6.7 -6.6 -6.5 -6.5 -6.4 -6.3 -6.2 -6.2 -6.1 -6.1 -6.1
ligand_559 -7.1 -7.0 -6.8 -6.7 -6.6 -6.6 -6.4 -6.3 -6.3 -6.2 -6.0 -6.0 -6.0 -5.8 -5.7 -5.7 -5.7 -5.6 -5.6 -5.6
ligand_56 -8.0 -8.0 -7.7 -7.6 -7.6 -7.6 -7.5 -7.3 -7.2 -7.2 -7.1 -7.0 -6.9 -6.9 -6.7 -6.7 -6.7 -6.6 -6.6 -6.5
ligand_560 -7.2 -7.1 -6.8 -6.8 -6.7 -6.6 -6.4 -6.3 -6.3 -6.3 -6.2 -6.1 -6.1 -6.0 -5.9 -5.8 -5.8 -5.7 -5.4 -5.3
ligand_561 -7.9 -7.7 -7.4 -7.3 -7.2 -6.9 -6.7 -6.5 -6.3 -6.3 -6.2 -6.1 -6.0 -6.0 -6.0 -5.7 -5.7 -5.6 -5.6 -5.5
ligand_562 -7.3 -7.1 -7.0 -6.9 -6.9 -6.9 -6.7 -6.6 -6.3 -6.3 -6.1 -6.0 -5.9 -5.9 -5.6 -5.5 -5.5 -5.5 -5.4 -5.4
ligand_563 -6.9 -6.4 -6.4 -6.4 -6.3 -6.2 -6.2 -6.0 -6.0 -5.8 -5.7 -5.7 -5.6 -5.5 -5.5 -5.4 -5.4 -5.4 -5.3 -5.2
ligand_564 -7.8 -7.5 -7.5 -7.4 -7.3 -7.1 -7.1 -7.1 -7.1 -7.1 -6.8 -6.6 -6.6 -6.2 -5.9 -5.7 -5.5 -5.5 -5.5 -5.4
ligand_565 -7.5 -7.3 -7.1 -6.9 -6.7 -6.7 -6.3 -6.3 -6.0 -5.9 -5.8 -5.7 -5.7 -5.6 -5.4 -5.4 -5.4 -5.3 -5.3 -5.3
ligand_566 -8.4 -7.7 -7.5 -7.4 -7.3 -7.1 -7.1 -7.0 -7.0 -6.9 -6.8 -6.8 -6.7 -6.6 -6.5 -6.4 -6.3 -6.2 -6.2 -5.6
ligand_567 -8.0 -7.7 -7.5 -7.5 -7.4 -7.4 -7.4 -7.2 -7.0 -6.8 -6.7 -6.5 -6.4 -6.2 -6.2 -6.1 -6.1 -6.1 -6.1 -6.0
ligand_568 -7.7 -7.4 -7.4 -7.1 -7.0 -6.9 -6.9 -6.5 -6.2 -6.1 -6.0 -5.9 -5.9 -5.8 -5.7 -5.7 -5.7 -5.6 -5.5 -5.4
ligand_569 -7.3 -7.1 -7.0 -6.7 -6.3 -6.3 -6.2 -6.2 -6.1 -6.1 -5.9 -5.9 -5.8 -5.8 -5.8 -5.8 -5.8 -5.7 -5.6 -5.6
ligand_57 -7.7 -7.6 -7.6 -7.3 -7.3 -7.2 -7.0 -6.9 -6.8 -6.4 -6.4 -6.4 -6.2 -6.1 -6.1 -5.9 -5.8 -5.7 -5.6 -5.2
ligand_570 -8.0 -8.0 -7.3 -7.1 -7.0 -6.9 -6.7 -6.6 -6.6 -6.4 -6.1 -6.0 -6.0 -5.9 -5.8 -5.7 -5.4 -5.4 -5.3 -5.2
ligand_571 -8.6 -8.2 -7.6 -7.4 -7.0 -6.8 -6.6 -6.6 -6.6 -6.3 -6.1 -6.1 -6.0 -5.9 -5.9 -5.8 -5.7 -5.6
ligand_572 -7.0 -6.8 -6.7 -6.1 -6.0 -6.0 -5.9 -5.7 -5.6 -5.4 -5.2 -5.1 -5.1 -5.1 -5.0 -5.0 -4.7 -4.7 -4.7 -4.6
ligand_573 -8.6 -8.3 -8.1 -8.0 -7.9 -7.9 -7.7 -7.5 -7.2 -7.1 -7.1 -7.1 -6.8 -6.8 -6.5 -6.4 -6.0 -6.0 -6.0 -5.8
ligand_574 -8.1 -8.1 -7.8 -7.4 -7.3 -7.2 -6.8 -6.8 -6.3 -6.3 -6.1 -6.1 -6.0 -6.0 -6.0 -6.0 -6.0 -5.8 -5.7 -5.4
ligand_575 -7.5 -7.4 -7.1 -7.0 -6.6 -6.4 -6.4 -6.4 -6.4 -6.3 -6.1 -6.1 -6.0 -6.0 -5.9 -5.8 -5.7 -5.6 -5.6 -5.5
ligand_576 -8.3 -8.2 -7.9 -7.6 -7.2 -7.2 -7.1 -7.0 -6.8 -6.8 -6.6 -6.5 -6.2 -6.1 -6.1 -6.0 -6.0 -5.9 -5.9 -5.8
ligand_577 -8.3 -8.0 -7.5 -7.4 -7.3 -7.0 -7.0 -6.9 -6.8 -6.7 -6.7 -6.7 -6.6 -6.4 -6.4 -6.3 -6.2 -6.2 -6.1 -6.0
ligand_578 -8.6 -8.5 -7.7 -7.5 -7.3 -7.3 -7.2 -7.1 -7.1 -7.0 -6.9 -6.8 -6.7 -6.7 -6.5 -6.3 -6.3 -5.9 -5.8 -5.7
ligand_579 -9.1 -9.0 -9.0 -8.8 -8.2 -8.1 -7.6 -7.6 -7.5 -7.2 -7.0 -7.0 -6.7 -6.5 -6.4 -6.3 -6.3 -6.2 -6.1
ligand_58 -7.7 -7.7 -7.6 -7.5 -6.9 -6.9 -6.7 -6.6 -6.6 -6.5 -6.5 -6.3 -6.3 -6.2 -5.8 -5.8 -5.7 -5.7 -5.5 -5.5
ligand_580 -9.3 -9.1 -8.3 -7.9 -7.8 -7.8 -7.6 -7.3 -7.2 -7.1 -7.1 -7.0 -6.9 -6.8 -6.8 -6.8 -6.7 -6.7 -6.7 -6.6
ligand_581 -8.1 -8.1 -7.7 -7.5 -7.2 -7.0 -6.6 -6.4 -6.3 -6.2 -6.2 -6.1 -6.1 -5.9 -5.9 -5.8 -5.5 -5.3
ligand_582 -8.3 -8.3 -7.9 -7.9 -7.4 -7.4 -7.3 -6.9 -6.6 -6.5 -6.3 -6.3 -6.1 -6.1 -6.1 -6.1 -5.9 -5.9 -5.7 -5.6
ligand_583 -6.9 -6.7 -6.7 -6.6 -6.6 -6.6 -6.6 -6.5 -6.4 -6.2 -6.0 -5.9 -5.7 -5.6 -5.6 -5.6 -5.6 -5.5 -5.5 -5.5
ligand_584 -8.8 -8.7 -8.6 -8.2 -8.1 -7.9 -7.9 -7.8 -7.5 -7.4 -7.3 -7.3 -7.1 -7.1 -7.0 -6.9 -6.5 -6.5 -6.4 -6.3
ligand_585 -7.8 -7.5 -7.3 -6.9 -6.8 -6.7 -6.6 -6.4 -6.3 -6.3 -6.3 -6.2 -6.2 -6.1 -6.0 -6.0 -6.0 -5.9 -5.9
ligand_586 -9.2 -8.2 -7.5 -7.5 -7.4 -7.4 -7.3 -7.2 -6.8 -6.6 -6.5 -6.4 -6.4 -6.4 -6.3
ligand_587 -7.6 -7.6 -7.4 -7.3 -7.2 -6.9 -6.9 -6.8 -6.8 -6.6 -6.5 -6.4 -6.1 -6.1 -5.8 -5.7 -5.6 -5.5 -5.4 -5.4
ligand_588 -6.9 -6.7 -6.6 -6.4 -6.1 -6.1 -6.0 -6.0 -5.9 -5.7 -5.6 -5.6 -5.6 -5.6 -5.5 -5.4 -5.3 -5.3 -5.3 -5.2
ligand_589 -8.5 -7.6 -7.1 -6.9 -6.7 -6.7 -6.4 -6.4 -6.4 -6.3 -6.3 -6.2 -6.1 -6.0 -5.8 -5.5
ligand_59 -8.2 -8.0 -7.9 -7.7 -7.4 -7.4 -7.2 -7.1 -6.9 -6.9 -6.9 -6.9 -6.8 -6.8 -6.6 -6.4 -6.4 -6.4 -6.4 -6.4
ligand_590 -8.5 -7.6 -7.1 -6.9 -6.7 -6.5 -6.5 -6.4 -6.1 -5.8 -5.8 -5.8 -5.6
ligand_591 -8.5 -7.9 -7.9 -7.6 -7.5 -7.5 -7.5 -7.3 -7.1 -7.1 -7.0 -6.9 -6.7 -6.7 -6.5 -6.3 -6.3 -6.1 -6.0 -6.0
ligand_592 -8.5 -8.0 -7.9 -7.9 -7.6 -7.6 -7.5 -7.5 -7.3 -7.3 -7.3 -7.2 -7.0 -6.7 -6.5 -6.5 -6.5 -6.4 -6.3 -6.1
ligand_593 -8.0 -7.6 -6.9 -6.8 -6.7 -6.7 -6.6 -6.6 -6.3 -6.2 -6.2 -6.1 -6.0 -5.7 -5.7 -5.7 -5.3 -5.3 -5.3 -5.3
ligand_594 -8.3 -8.2 -8.1 -7.8 -7.7 -7.7 -7.6 -7.5 -7.4 -7.0 -6.9 -6.9 -6.8 -6.8 -6.7 -6.6 -6.3 -6.3 -5.8 -5.8
ligand_595 -7.6 -7.6 -7.3 -7.2 -7.2 -7.0 -7.0 -6.9 -6.9 -6.8 -6.8 -6.7 -6.7 -6.6 -6.5 -6.5 -6.4 -6.2 -6.2 -6.2
ligand_596 -8.9 -8.0 -7.4 -7.0 -7.0 -6.9 -6.9 -6.7 -6.4 -6.4 -6.4 -6.3 -6.2 -6.2 -6.1 -6.1 -6.0 -5.9
ligand_597 -9.0 -8.2 -7.7 -7.2 -6.4 -6.4 -6.3 -6.3 -6.3 -6.2 -6.1 -6.1 -6.1 -6.0
ligand_598 -8.5 -8.3 -8.2 -8.0 -7.5 -7.2 -7.1 -6.8 -6.7 -6.7 -6.6 -6.6 -6.4 -6.4 -6.3 -6.3 -6.3 -6.2 -6.2 -6.1
ligand_599 -7.4 -7.3 -7.3 -7.1 -7.1 -6.7 -6.6 -6.4 -6.4 -6.4 -6.3 -6.2 -6.2 -6.1 -6.0 -5.9 -5.9 -5.8 -5.8 -5.7
